Episodes,Reward
1,70.261416
2,77.483862
3,81.236213
4,87.077402
5,101.516362
6,104.702775
7,135.409483
8,135.038905
9,76.089779
10,76.582216
11,80.913105
12,85.604705
13,126.404947
14,81.688295
15,107.80739
16,75.489082
17,86.194599
18,98.634945
19,123.880299
20,87.501901
21,85.833489
22,79.797978
23,101.359852
24,95.583976
25,103.356346
26,89.562021
27,85.315745
28,77.92615
29,112.482447
30,85.762189
31,103.254833
32,80.912206
33,175.718702
34,69.107189
35,101.327382
36,107.83439
37,76.51621
38,72.614074
39,116.544094
40,84.599247
41,90.125311
42,71.513337
43,76.304867
44,76.16901
45,75.6443
46,118.155787
47,85.443994
48,86.624827
49,75.062467
50,116.60294
51,102.398919
52,127.904744
53,81.419924
54,77.618212
55,115.768337
56,192.693115
57,113.21291
58,121.607881
59,74.18831
60,139.713388
61,80.812771
62,123.764074
63,76.050283
64,76.213776
65,90.114996
66,74.915308
67,162.061735
68,82.824682
69,102.377126
70,76.265427
71,84.250413
72,130.885365
73,76.157426
74,120.47575
75,76.218711
76,81.002829
77,152.742326
78,104.893386
79,81.561313
80,156.884789
81,113.424544
82,79.776936
83,71.219558
84,180.091853
85,71.193976
86,82.042516
87,110.281543
88,69.990332
89,84.892007
90,98.406558
91,70.323765
92,122.211629
93,128.301594
94,234.390337
95,127.530736
96,90.147421
97,75.14587
98,130.58329
99,197.104179
100,93.525951
101,99.099621
102,90.418944
103,75.311383
104,86.909867
105,76.446028
106,136.370648
107,92.471332
108,94.553843
109,90.349333
110,183.875911
111,89.671563
112,70.555017
113,82.661992
114,130.26208
115,81.005369
116,76.260341
117,69.851095
118,116.56577
119,93.783782
120,154.969395
121,99.908443
122,112.008044
123,128.560949
124,71.594418
125,106.587448
126,117.863043
127,76.214523
128,69.76719
129,75.832761
130,94.786255
131,122.872292
132,99.116102
133,81.675349
134,81.783256
135,87.740351
136,130.853061
137,83.803416
138,114.081176
139,80.905371
140,106.483102
141,102.103368
142,76.293024
143,75.587232
144,96.565366
145,95.721236
146,110.951285
147,70.712132
148,98.388938
149,117.78315
150,182.607851
151,157.671567
152,147.059358
153,163.075187
154,97.281562
155,86.652749
156,102.814625
157,74.937812
158,93.803435
159,109.663267
160,113.490057
161,76.14884
162,76.09648
163,95.124319
164,125.167246
165,113.041745
166,76.264671
167,99.856027
168,138.120832
169,76.37005
170,127.507728
171,70.293259
172,106.878359
173,84.849611
174,71.305792
175,76.539271
176,116.798849
177,81.331524
178,96.50941
179,74.522031
180,177.434966
181,127.915684
182,76.410511
183,126.036741
184,76.223465
185,94.76125
186,105.02012
187,70.082076
188,123.311712
189,76.493724
190,80.804406
191,98.575726
192,135.92472
193,69.825473
194,74.969086
195,74.127628
196,145.98438
197,77.609598
198,111.716823
199,70.758462
200,122.191268
201,125.748293
202,133.131399
203,75.706896
204,106.697715
205,76.211103
206,83.895705
207,131.662614
208,122.667629
209,80.193849
210,70.26766
211,76.054627
212,81.25894
213,137.855409
214,104.961277
215,121.27054
216,96.617987
217,81.159402
218,80.814659
219,90.258317
220,100.433039
221,85.20953
222,91.407927
223,81.611343
224,88.846075
225,85.422103
226,80.326902
227,134.691423
228,95.945055
229,83.942193
230,70.817857
231,74.736035
232,81.250759
233,71.436176
234,76.503291
235,133.450498
236,100.119078
237,75.57693
238,115.555772
239,76.765671
240,98.657107
241,75.928051
242,71.223991
243,126.252616
244,78.034406
245,116.070068
246,105.008618
247,140.256267
248,93.116005
249,82.16195
250,94.689391
251,79.901606
252,102.109858
253,97.489605
254,98.592345
255,93.882858
256,82.677078
257,140.143792
258,80.488816
259,96.64848
260,75.316444
261,80.876461
262,80.672392
263,101.397606
264,71.47017
265,152.738712
266,81.41728
267,116.578262
268,112.146594
269,71.351445
270,76.038704
271,96.755325
272,152.719521
273,81.042975
274,115.896992
275,76.719174
276,81.451876
277,80.990791
278,102.736161
279,86.71438
280,100.610481
281,91.529817
282,96.752616
283,105.076772
284,89.667641
285,111.475805
286,76.446631
287,81.226712
288,74.858613
289,95.120981
290,121.863551
291,115.081884
292,76.044823
293,73.339354
294,74.621379
295,76.086958
296,75.94662
297,81.647483
298,86.485072
299,75.375125
300,130.35487
301,87.176919
302,80.85934
303,82.689003
304,93.725172
305,84.253993
306,80.271208
307,86.514823
308,144.699595
309,75.01454
310,86.944845
311,82.036472
312,110.977768
313,144.870886
314,106.645568
315,114.343278
316,71.581426
317,103.228059
318,81.268816
319,115.816226
320,93.081026
321,85.062844
322,171.560853
323,107.140651
324,76.43972
325,99.358161
326,97.108976
327,105.615087
328,78.867648
329,132.456518
330,74.788062
331,76.43381
332,84.768291
333,91.973282
334,74.896511
335,71.48664
336,79.736046
337,78.382936
338,90.804852
339,114.191591
340,70.845747
341,68.030076
342,71.134502
343,75.70445
344,123.973332
345,71.063159
346,128.571741
347,123.481866
348,94.455069
349,74.404395
350,76.139609
351,132.279473
352,124.48693
353,79.561495
354,76.648299
355,99.956062
356,76.531668
357,75.428283
358,151.396609
359,107.413537
360,103.532514
361,76.337621
362,66.733149
363,75.679843
364,80.085037
365,109.350927
366,156.889352
367,244.566931
368,98.566934
369,69.623383
370,76.441994
371,75.779246
372,91.575744
373,108.586427
374,89.97309
375,76.517816
376,80.715002
377,104.743058
378,85.834247
379,130.559774
380,121.943872
381,91.870089
382,81.692983
383,89.809605
384,155.500987
385,70.734579
386,76.232182
387,133.056048
388,136.869378
389,80.280742
390,86.237859
391,208.944597
392,145.670276
393,241.648786
394,138.181303
395,92.359786
396,147.556631
397,96.619325
398,102.740869
399,84.410864
400,185.46076
401,92.050546
402,84.733471
403,89.300002
404,79.240599
405,76.341265
406,123.101526
407,75.314316
408,76.192392
409,75.573964
410,93.000945
411,84.272002
412,144.408847
413,142.33959
414,157.592616
415,79.241145
416,140.667646
417,76.10522
418,120.827273
419,95.73462
420,80.30378
421,151.218578
422,81.103341
423,119.689591
424,109.130363
425,73.93786
426,133.222405
427,136.393333
428,76.198735
429,114.154151
430,76.331327
431,96.930481
432,101.876548
433,71.099065
434,176.264424
435,81.536287
436,95.259667
437,80.798112
438,128.46817
439,88.467975
440,101.547679
441,171.525528
442,178.77851
443,108.013911
444,114.425167
445,75.087276
446,195.266268
447,230.115911
448,75.157119
449,142.073702
450,76.259269
451,119.623764
452,80.445984
453,85.720865
454,87.456377
455,116.835601
456,104.932921
457,105.486417
458,101.011971
459,206.30163
460,130.032282
461,144.557747
462,95.302841
463,133.94839
464,91.984396
465,111.700125
466,149.890502
467,76.042034
468,108.778228
469,122.182988
470,91.093499
471,145.765587
472,186.463777
473,201.209973
474,123.284681
475,88.164992
476,102.586312
477,71.330618
478,80.459136
479,130.390189
480,75.890128
481,81.001397
482,80.75934
483,120.962602
484,75.852348
485,164.71633
486,127.041911
487,208.922643
488,91.061617
489,106.043935
490,96.514003
491,75.683926
492,74.881929
493,93.572312
494,124.589783
495,213.337268
496,80.398419
497,97.625067
498,95.742903
499,126.017675
500,76.210376
501,174.116861
502,93.49156
503,81.226401
504,125.925385
505,71.526892
506,176.125288
507,84.319941
508,117.733789
509,85.207235
510,75.691426
511,86.456599
512,70.844521
513,107.686728
514,185.343026
515,118.054723
516,76.267789
517,119.575979
518,116.133023
519,67.547436
520,105.107432
521,113.554886
522,79.688566
523,82.517176
524,199.918072
525,120.996841
526,101.908928
527,76.43527
528,86.273154
529,154.811892
530,249.98946
531,107.972802
532,88.665822
533,145.285518
534,81.100663
535,103.444704
536,109.786712
537,111.314425
538,208.606134
539,104.809709
540,204.169938
541,195.955653
542,76.075296
543,96.685619
544,80.39709
545,144.613366
546,80.862515
547,127.826988
548,125.807327
549,109.772995
550,121.871379
551,132.600145
552,106.517539
553,74.45242
554,127.051669
555,79.555429
556,120.052543
557,92.854046
558,98.986193
559,83.693243
560,76.072107
561,92.014654
562,81.619954
563,168.013241
564,80.921885
565,75.061105
566,185.632545
567,86.241135
568,102.540597
569,85.806208
570,110.990666
571,99.478238
572,122.563191
573,139.346132
574,131.769028
575,98.279215
576,71.534569
577,79.880752
578,224.469934
579,201.650483
580,130.8284
581,76.224945
582,135.020046
583,112.833416
584,82.420983
585,194.02572
586,77.399577
587,90.194886
588,91.960735
589,154.89096
590,74.510461
591,172.807731
592,81.182074
593,93.829801
594,149.430177
595,75.649637
596,70.424866
597,102.489171
598,150.576691
599,85.121279
600,81.05742
601,128.623921
602,116.402633
603,93.289686
604,105.833577
605,175.477111
606,138.752422
607,160.176975
608,86.665142
609,228.988828
610,75.92949
611,92.168961
612,119.18278
613,101.783998
614,68.896846
615,124.122292
616,71.307374
617,110.250865
618,178.996522
619,115.529192
620,85.845843
621,259.103157
622,122.750042
623,74.461225
624,73.841092
625,179.009918
626,84.147568
627,97.763154
628,115.969265
629,75.511429
630,238.634464
631,110.451762
632,83.143549
633,129.371735
634,80.927388
635,71.481157
636,76.416615
637,222.300869
638,85.849089
639,121.898416
640,76.14717
641,133.572423
642,86.149331
643,93.181508
644,166.974638
645,116.104588
646,76.088953
647,128.264163
648,157.83308
649,81.540629
650,115.070578
651,74.844845
652,127.331253
653,124.554476
654,92.041849
655,79.684172
656,81.556129
657,111.852795
658,163.523796
659,147.348154
660,136.280653
661,94.412775
662,86.587139
663,80.151069
664,94.061662
665,76.31835
666,78.929972
667,127.409185
668,98.557871
669,90.075233
670,76.275167
671,116.157855
672,181.238412
673,94.114727
674,116.94561
675,98.516062
676,116.59863
677,81.386234
678,99.124813
679,76.286863
680,135.005461
681,91.72048
682,75.089942
683,173.293439
684,221.022401
685,71.412275
686,75.790448
687,147.339781
688,203.607941
689,123.813436
690,81.079095
691,82.89104
692,125.323094
693,141.189842
694,196.327546
695,78.186071
696,144.665175
697,199.234209
698,233.675278
699,158.784335
700,140.053392
701,149.591559
702,81.029539
703,178.829507
704,147.456021
705,93.778296
706,88.132653
707,81.676334
708,74.21572
709,125.629398
710,95.498823
711,98.145221
712,177.347542
713,245.325445
714,241.224388
715,79.486757
716,281.400426
717,86.343505
718,315.063768
719,85.92681
720,81.396115
721,276.31388
722,259.766336
723,275.759027
724,151.800092
725,195.790656
726,230.738183
727,234.832115
728,277.762142
729,151.158448
730,174.013332
731,155.812752
732,88.93898
733,95.984749
734,224.450397
735,260.345219
736,88.654986
737,229.561394
738,113.552967
739,158.434499
740,78.759587
741,134.487515
742,113.805967
743,157.05205
744,238.755876
745,250.391794
746,157.463864
747,207.826262
748,96.781184
749,322.114045
750,134.35514
751,195.246829
752,194.69092
753,189.402307
754,178.83933
755,138.806063
756,77.470931
757,269.364547
758,260.118836
759,122.919553
760,198.360102
761,79.888113
762,143.761351
763,146.5386
764,241.132019
765,193.918301
766,208.720525
767,223.688928
768,105.873965
769,80.879645
770,196.869847
771,107.673507
772,367.905122
773,150.111742
774,208.186832
775,96.698737
776,117.322644
777,147.702865
778,276.376246
779,245.048028
780,160.012688
781,225.383274
782,263.618175
783,104.691275
784,78.015173
785,122.622119
786,276.971647
787,122.481318
788,244.371065
789,406.499653
790,338.733175
791,81.096042
792,210.9344
793,201.100563
794,166.991709
795,198.536545
796,155.311518
797,118.019766
798,160.259172
799,277.848249
800,96.463599
801,144.058299
802,128.509477
803,75.023334
804,184.034906
805,302.936353
806,86.295126
807,126.635958
808,222.036196
809,150.80735
810,232.151141
811,139.440629
812,326.40236
813,224.118225
814,329.075659
815,152.395919
816,222.307546
817,136.723904
818,182.607061
819,268.503526
820,160.931106
821,135.936809
822,156.030241
823,210.290927
824,80.808243
825,124.94582
826,263.849818
827,83.584055
828,155.734609
829,111.137565
830,111.347221
831,84.79869
832,155.987537
833,190.033609
834,199.445268
835,113.711507
836,285.129352
837,206.635657
838,122.587745
839,220.305924
840,133.914709
841,102.942763
842,208.121348
843,193.899174
844,239.035811
845,119.766852
846,158.076576
847,203.981017
848,135.210909
849,141.759371
850,238.843605
851,212.055079
852,285.791227
853,175.949644
854,117.184002
855,134.4175
856,118.255319
857,134.526939
858,173.350341
859,179.161979
860,172.153533
861,106.731658
862,121.806141
863,76.261881
864,110.546609
865,362.173372
866,147.937192
867,218.77204
868,139.722156
869,245.171622
870,276.017029
871,280.330298
872,205.981345
873,223.881079
874,149.044545
875,209.042757
876,299.824748
877,203.971424
878,108.993879
879,81.297346
880,124.764064
881,199.813451
882,220.223715
883,155.067856
884,91.616434
885,191.167324
886,101.597019
887,183.910305
888,264.307337
889,102.665625
890,172.287031
891,111.568474
892,131.525116
893,164.080464
894,151.415055
895,172.562481
896,115.407834
897,152.135967
898,132.818882
899,115.170951
900,165.521778
901,168.429805
902,95.913571
903,162.21315
904,280.85969
905,249.814431
906,159.485008
907,292.915439
908,291.274453
909,206.2069
910,152.811895
911,135.45759
912,80.815374
913,341.011859
914,287.092096
915,130.355564
916,205.859072
917,374.98006
918,208.905976
919,167.577762
920,426.691447
921,270.200846
922,208.628618
923,227.304319
924,269.64177
925,341.997586
926,133.059936
927,403.838114
928,181.977948
929,207.743396
930,177.411927
931,250.036532
932,150.780229
933,97.352622
934,303.252555
935,184.503457
936,128.602659
937,210.32525
938,240.65412
939,143.663862
940,172.93399
941,243.622419
942,119.029773
943,229.009659
944,286.782255
945,214.572469
946,213.31085
947,91.477847
948,144.657486
949,179.813457
950,313.5839
951,112.859168
952,92.217703
953,271.841758
954,98.421903
955,161.425277
956,80.079526
957,216.054691
958,287.786733
959,106.977113
960,252.844362
961,237.653065
962,115.514453
963,257.892675
964,345.856206
965,235.881884
966,325.942932
967,226.161458
968,340.586742
969,180.211461
970,137.247218
971,307.176886
972,206.851045
973,75.750655
974,216.913414
975,283.277844
976,270.683086
977,278.823968
978,237.307741
979,162.073769
980,273.321276
981,156.152191
982,365.820803
983,274.696505
984,245.819622
985,263.585951
986,169.998193
987,248.690772
988,191.214249
989,286.55902
990,203.554666
991,281.724601
992,234.477103
993,123.222653
994,139.788393
995,188.707838
996,366.525484
997,219.292151
998,91.48297
999,115.937381
1000,220.557121
1001,148.766188
1002,129.362875
1003,316.338901
1004,81.682044
1005,123.756876
1006,209.269323
1007,139.025985
1008,308.886047
1009,177.185827
1010,281.39103
1011,379.927945
1012,194.780819
1013,202.614914
1014,207.35293
1015,249.069389
1016,166.349171
1017,150.764301
1018,191.564511
1019,191.073545
1020,240.381511
1021,134.699858
1022,290.420595
1023,216.63889
1024,229.425459
1025,288.589392
1026,266.520425
1027,304.780653
1028,324.887845
1029,192.723079
1030,223.292444
1031,329.110391
1032,185.318822
1033,253.143631
1034,345.720155
1035,89.251887
1036,232.519539
1037,284.543772
1038,265.065061
1039,165.317077
1040,193.932397
1041,180.045186
1042,131.985834
1043,241.076048
1044,205.870861
1045,181.272261
1046,313.731194
1047,80.411485
1048,96.097943
1049,205.890779
1050,86.289595
1051,86.496034
1052,182.022942
1053,211.99021
1054,431.246887
1055,136.969472
1056,145.440399
1057,414.876076
1058,287.259977
1059,280.121794
1060,215.034937
1061,260.120598
1062,278.414344
1063,225.77484
1064,229.958161
1065,303.865311
1066,238.559495
1067,349.311859
1068,163.178171
1069,208.293653
1070,285.092395
1071,325.837404
1072,218.664114
1073,235.182339
1074,198.59829
1075,258.331008
1076,118.008015
1077,217.801871
1078,281.61174
1079,182.263991
1080,221.884295
1081,76.196837
1082,244.698206
1083,188.322675
1084,222.482307
1085,250.061798
1086,257.456624
1087,92.966803
1088,252.147274
1089,187.072399
1090,243.771964
1091,254.026991
1092,285.660025
1093,150.251216
1094,246.201984
1095,304.595497
1096,298.613166
1097,269.388558
1098,111.619146
1099,276.972643
1100,117.69467
1101,218.859896
1102,335.132002
1103,297.44472
1104,303.914151
1105,148.622753
1106,225.330699
1107,470.493095
1108,156.270302
1109,326.964412
1110,192.145893
1111,358.441289
1112,293.382153
1113,244.924854
1114,271.658884
1115,242.800254
1116,254.250909
1117,148.777599
1118,311.157361
1119,279.991483
1120,348.598183
1121,291.123289
1122,222.456395
1123,328.877044
1124,281.266403
1125,134.400637
1126,322.783577
1127,352.006552
1128,119.8351
1129,345.095123
1130,291.235168
1131,101.300772
1132,163.689084
1133,235.485668
1134,230.772641
1135,263.969712
1136,256.955248
1137,169.272083
1138,264.581335
1139,227.394137
1140,524.098591
1141,295.657319
1142,270.258485
1143,237.293478
1144,186.872457
1145,346.655141
1146,167.672186
1147,163.998961
1148,261.200038
1149,338.570284
1150,165.752632
1151,261.173477
1152,293.770735
1153,283.134711
1154,347.240125
1155,323.893285
1156,336.410187
1157,365.619148
1158,234.529839
1159,232.675193
1160,101.014246
1161,232.571726
1162,320.91986
1163,255.582262
1164,244.498084
1165,105.281943
1166,245.861699
1167,248.302316
1168,280.437377
1169,228.073445
1170,269.817463
1171,333.640236
1172,326.402531
1173,366.666649
1174,162.577235
1175,214.403645
1176,241.372069
1177,307.797827
1178,233.457964
1179,322.366975
1180,165.707798
1181,518.327754
1182,269.272047
1183,201.959945
1184,302.729552
1185,233.471046
1186,308.674974
1187,222.518649
1188,208.320923
1189,255.710532
1190,314.650388
1191,149.034941
1192,391.278455
1193,279.957753
1194,259.04414
1195,263.343563
1196,276.37989
1197,481.482675
1198,258.314176
1199,268.533454
1200,347.789634
1201,251.866099
1202,317.681809
1203,309.336766
1204,177.827889
1205,171.694566
1206,256.819157
1207,152.414093
1208,363.911394
1209,99.759082
1210,258.024212
1211,143.711217
1212,304.233055
1213,407.413085
1214,218.994384
1215,299.595916
1216,177.993346
1217,246.120234
1218,261.645052
1219,179.537201
1220,265.091051
1221,212.362221
1222,177.576129
1223,214.058386
1224,227.131778
1225,76.254233
1226,323.018741
1227,233.252004
1228,223.443695
1229,524.46299
1230,352.726907
1231,249.502579
1232,388.237638
1233,204.268536
1234,265.605414
1235,294.27043
1236,343.199462
1237,364.836835
1238,270.55307
1239,261.756211
1240,249.186494
1241,302.354555
1242,282.158077
1243,247.985696
1244,424.279335
1245,243.499913
1246,271.742683
1247,171.741932
1248,103.440561
1249,356.880821
1250,231.255998
1251,192.382821
1252,216.63694
1253,242.452997
1254,380.651993
1255,436.364781
1256,228.58858
1257,356.374836
1258,290.164561
1259,166.21399
1260,238.717659
1261,276.672931
1262,226.068766
1263,249.038663
1264,269.087175
1265,375.339355
1266,380.316058
1267,179.317924
1268,626.979695
1269,260.762452
1270,240.010481
1271,261.670219
1272,334.682783
1273,201.255688
1274,332.828022
1275,364.932506
1276,446.519413
1277,334.074086
1278,292.416467
1279,347.126783
1280,279.02901
1281,197.608006
1282,294.302214
1283,117.228869
1284,219.580074
1285,357.469414
1286,318.882716
1287,522.155392
1288,284.493303
1289,504.866573
1290,281.938292
1291,187.872081
1292,220.457144
1293,359.510968
1294,258.758492
1295,257.544011
1296,258.614076
1297,371.926503
1298,264.580852
1299,254.517471
1300,270.126079
1301,247.863994
1302,232.213947
1303,220.300821
1304,299.972782
1305,284.536142
1306,198.934079
1307,317.294122
1308,261.609642
1309,277.266034
1310,439.313185
1311,435.778887
1312,442.628175
1313,232.565745
1314,235.266817
1315,258.197688
1316,419.173502
1317,245.455417
1318,310.324572
1319,211.247532
1320,175.621991
1321,234.158754
1322,213.475532
1323,323.211507
1324,223.796347
1325,279.010364
1326,377.85686
1327,241.15481
1328,331.873524
1329,159.943344
1330,275.317448
1331,365.35402
1332,383.630099
1333,301.897858
1334,265.639442
1335,133.181081
1336,305.622302
1337,265.135115
1338,261.173703
1339,335.661421
1340,202.985414
1341,411.134551
1342,367.266368
1343,115.853443
1344,327.294649
1345,209.598374
1346,94.091988
1347,87.174117
1348,251.952501
1349,383.096071
1350,279.029874
1351,231.591483
1352,323.563503
1353,307.890053
1354,361.845225
1355,295.096934
1356,323.574132
1357,269.373147
1358,408.225562
1359,210.000251
1360,216.892716
1361,252.772659
1362,267.111218
1363,234.226958
1364,286.127491
1365,345.41352
1366,314.793924
1367,170.915934
1368,318.21556
1369,397.905514
1370,218.274637
1371,373.750708
1372,330.839444
1373,274.556784
1374,256.050247
1375,283.884037
1376,503.772466
1377,213.05527
1378,285.488361
1379,302.305177
1380,330.264689
1381,321.221064
1382,213.936896
1383,252.646065
1384,279.704251
1385,159.357935
1386,329.904036
1387,508.076218
1388,238.800947
1389,331.341672
1390,305.512119
1391,201.50925
1392,346.533326
1393,317.850096
1394,392.230657
1395,283.376316
1396,210.085668
1397,338.851225
1398,313.875291
1399,548.95867
1400,263.357876
1401,191.794184
1402,254.526529
1403,268.222509
1404,478.794133
1405,278.313357
1406,170.652153
1407,348.782516
1408,309.272953
1409,466.378461
1410,266.454419
1411,434.500007
1412,279.933408
1413,285.369149
1414,99.566518
1415,248.107075
1416,290.355203
1417,429.273252
1418,313.871161
1419,425.008528
1420,181.764409
1421,331.818181
1422,324.890396
1423,294.555218
1424,341.265651
1425,164.446048
1426,347.722652
1427,242.132634
1428,330.407641
1429,326.896579
1430,110.479233
1431,224.55792
1432,313.334965
1433,257.487816
1434,387.22705
1435,315.37634
1436,297.385076
1437,262.556456
1438,351.130366
1439,399.259672
1440,408.828847
1441,389.131566
1442,240.824751
1443,311.873672
1444,287.165797
1445,299.698373
1446,377.538666
1447,269.281675
1448,277.873684
1449,215.436328
1450,243.688548
1451,264.717576
1452,200.32122
1453,345.366778
1454,344.563354
1455,171.262546
1456,147.277281
1457,206.392591
1458,321.133455
1459,408.984865
1460,246.901751
1461,283.839556
1462,318.609807
1463,305.421555
1464,246.656898
1465,249.523943
1466,261.709323
1467,324.751029
1468,295.08396
1469,249.829685
1470,348.259492
1471,231.735262
1472,244.499851
1473,192.392673
1474,216.138961
1475,251.28592
1476,262.934517
1477,268.088295
1478,338.899226
1479,327.488277
1480,266.694006
1481,227.198532
1482,159.992205
1483,273.080053
1484,271.911972
1485,309.692745
1486,254.597599
1487,446.16004
1488,346.628555
1489,303.898774
1490,247.699311
1491,153.615074
1492,355.344898
1493,141.118053
1494,220.978545
1495,245.767754
1496,323.336783
1497,222.134276
1498,328.507203
1499,254.721174
1500,301.014851
1501,371.186068
1502,172.365532
1503,451.33226
1504,282.095475
1505,268.593171
1506,305.477249
1507,383.258638
1508,379.755996
1509,229.493046
1510,240.266983
1511,294.963469
1512,220.808425
1513,248.149536
1514,241.978295
1515,216.563897
1516,246.124329
1517,297.429714
1518,311.569653
1519,289.251456
1520,435.202157
1521,294.105376
1522,343.06121
1523,405.893973
1524,266.202643
1525,536.8503
1526,336.918447
1527,363.860331
1528,459.102566
1529,314.563963
1530,242.66048
1531,244.267001
1532,237.357971
1533,253.473266
1534,314.931647
1535,370.398678
1536,317.839233
1537,269.012024
1538,323.747085
1539,393.512044
1540,318.86494
1541,264.641967
1542,292.598673
1543,336.416703
1544,247.002837
1545,307.279635
1546,306.472952
1547,309.931704
1548,304.991921
1549,273.687214
1550,411.370603
1551,288.344756
1552,281.262364
1553,95.93697
1554,358.882802
1555,337.721041
1556,291.313653
1557,402.119165
1558,208.739172
1559,337.464402
1560,330.713784
1561,342.327003
1562,334.200278
1563,315.319387
1564,308.613982
1565,259.413369
1566,392.960119
1567,255.358226
1568,318.307188
1569,316.628797
1570,231.478765
1571,200.922086
1572,237.220336
1573,352.267503
1574,477.14003
1575,298.148799
1576,458.799713
1577,620.613136
1578,415.955121
1579,291.884935
1580,157.27402
1581,118.534841
1582,552.166373
1583,630.02161
1584,301.864271
1585,277.642581
1586,249.610862
1587,360.193976
1588,311.33494
1589,431.865531
1590,313.468408
1591,240.859678
1592,325.37675
1593,383.643678
1594,388.897945
1595,257.539087
1596,366.06798
1597,408.357882
1598,362.235012
1599,259.493092
1600,252.542356
1601,424.251661
1602,213.706198
1603,282.261445
1604,317.427108
1605,548.179195
1606,329.374487
1607,369.340956
1608,370.543488
1609,280.248059
1610,432.756502
1611,218.621894
1612,448.79273
1613,202.954724
1614,313.144312
1615,418.723725
1616,448.237678
1617,308.631321
1618,357.524348
1619,311.237097
1620,302.579017
1621,453.988311
1622,211.298753
1623,393.823594
1624,312.776117
1625,253.217929
1626,265.96461
1627,294.544798
1628,348.136761
1629,353.814404
1630,485.252534
1631,305.293429
1632,296.885713
1633,297.547532
1634,247.010397
1635,277.408826
1636,460.063025
1637,296.547604
1638,269.114359
1639,292.783758
1640,186.536687
1641,302.323699
1642,231.713446
1643,319.249577
1644,578.452706
1645,405.925285
1646,328.520837
1647,318.959574
1648,322.443396
1649,256.7542
1650,386.512839
1651,304.364661
1652,302.421887
1653,420.338236
1654,271.785164
1655,247.421134
1656,453.499917
1657,409.755279
1658,234.572866
1659,240.227113
1660,329.065429
1661,312.143109
1662,289.396246
1663,367.091462
1664,364.798668
1665,271.684477
1666,224.678226
1667,400.579448
1668,361.026078
1669,362.485766
1670,288.019252
1671,310.510687
1672,592.62248
1673,435.856227
1674,270.307996
1675,355.221006
1676,413.129502
1677,270.464368
1678,249.825162
1679,333.330165
1680,268.611053
1681,294.775689
1682,343.091913
1683,482.966937
1684,282.180102
1685,339.593803
1686,271.390643
1687,377.51866
1688,308.564275
1689,350.385343
1690,257.917913
1691,349.465496
1692,304.240517
1693,408.156955
1694,267.125237
1695,284.560177
1696,389.226047
1697,422.227153
1698,349.276497
1699,321.039113
1700,356.779982
1701,329.214619
1702,273.777885
1703,304.430868
1704,508.166348
1705,263.893877
1706,308.696232
1707,327.22436
1708,345.866742
1709,391.077939
1710,434.214579
1711,300.4446
1712,352.415613
1713,434.6057
1714,379.758087
1715,388.172977
1716,283.177959
1717,328.503993
1718,218.598102
1719,352.814032
1720,298.316204
1721,302.960594
1722,276.146219
1723,433.976507
1724,241.35702
1725,315.732694
1726,237.945992
1727,355.397455
1728,456.980403
1729,357.656379
1730,228.407946
1731,460.221882
1732,303.484206
1733,245.176419
1734,397.087414
1735,323.264992
1736,239.317524
1737,211.62705
1738,239.839373
1739,354.669137
1740,241.8769
1741,313.149981
1742,347.87512
1743,294.914369
1744,268.709737
1745,335.642851
1746,295.920819
1747,255.994686
1748,372.145228
1749,238.543711
1750,238.367359
1751,369.330609
1752,231.213167
1753,223.87826
1754,316.648933
1755,369.411854
1756,235.718321
1757,383.580856
1758,265.746103
1759,314.061729
1760,267.218145
1761,297.875462
1762,494.596968
1763,254.189423
1764,278.82923
1765,443.311754
1766,280.293432
1767,351.725267
1768,308.690803
1769,310.174631
1770,247.890378
1771,502.255249
1772,332.719117
1773,75.244158
1774,220.596567
1775,365.753045
1776,239.083791
1777,391.843941
1778,327.601725
1779,275.585649
1780,306.355382
1781,403.19545
1782,392.291393
1783,385.555618
1784,142.725653
1785,244.063129
1786,209.826223
1787,289.030704
1788,341.527449
1789,339.137281
1790,289.622759
1791,318.526059
1792,328.184139
1793,237.080606
1794,352.039845
1795,276.230942
1796,256.739652
1797,311.549864
1798,334.681681
1799,237.552367
1800,197.872131
1801,264.482842
1802,378.185085
1803,308.400531
1804,403.587355
1805,380.677656
1806,380.803746
1807,290.202097
1808,250.855151
1809,237.489479
1810,296.677605
1811,346.319135
1812,404.069903
1813,244.554379
1814,369.919907
1815,317.727764
1816,333.55178
1817,300.024902
1818,256.412233
1819,322.567676
1820,329.364772
1821,590.119146
1822,267.700769
1823,336.636122
1824,407.456849
1825,327.655856
1826,393.429187
1827,438.89591
1828,270.940385
1829,255.155319
1830,302.131724
1831,336.606584
1832,234.898043
1833,292.53262
1834,196.942902
1835,366.151596
1836,211.242614
1837,291.802177
1838,198.918254
1839,244.098875
1840,354.343072
1841,314.227876
1842,232.861658
1843,217.046483
1844,336.864442
1845,316.615368
1846,303.73935
1847,286.072774
1848,563.801617
1849,324.198535
1850,211.303704
1851,257.532362
1852,602.083695
1853,380.973627
1854,361.491567
1855,191.947703
1856,284.595861
1857,317.413536
1858,576.208311
1859,410.387328
1860,381.186557
1861,332.368934
1862,421.892196
1863,387.877797
1864,331.789079
1865,474.60912
1866,321.742781
1867,406.097142
1868,256.799425
1869,268.523583
1870,275.64108
1871,418.359783
1872,539.426125
1873,298.305782
1874,358.844965
1875,330.123857
1876,270.650699
1877,272.499578
1878,339.633346
1879,313.116136
1880,275.144703
1881,328.871086
1882,294.72796
1883,263.512078
1884,356.688875
1885,344.373059
1886,220.576148
1887,259.747991
1888,313.934991
1889,287.26251
1890,247.106003
1891,321.604123
1892,293.952265
1893,215.800986
1894,519.620136
1895,253.164617
1896,431.609231
1897,760.099773
1898,298.372521
1899,299.698255
1900,339.272478
1901,226.755313
1902,420.024587
1903,290.597624
1904,332.579392
1905,494.140178
1906,245.157198
1907,274.312587
1908,337.56868
1909,309.241674
1910,275.745664
1911,356.339489
1912,290.18736
1913,293.512751
1914,465.393356
1915,310.263527
1916,335.229538
1917,326.92321
1918,386.082195
1919,360.580501
1920,283.33226
1921,333.954881
1922,321.608052
1923,535.383311
1924,403.475548
1925,314.466103
1926,403.900685
1927,276.498978
1928,293.60602
1929,351.965888
1930,371.020168
1931,293.366094
1932,277.494392
1933,259.23244
1934,356.278945
1935,271.58165
1936,349.561571
1937,371.832536
1938,297.837013
1939,321.977748
1940,354.517593
1941,375.114253
1942,647.26339
1943,352.213387
1944,396.618772
1945,344.699173
1946,356.7436
1947,319.793321
1948,205.850918
1949,411.296537
1950,320.394645
1951,268.38831
1952,315.470117
1953,161.312241
1954,280.77091
1955,254.762194
1956,371.832014
1957,338.023504
1958,337.217044
1959,302.824765
1960,309.998728
1961,315.954563
1962,407.133276
1963,499.959692
1964,311.920409
1965,281.186758
1966,338.746628
1967,303.279269
1968,437.983578
1969,445.483414
1970,248.873915
1971,286.021275
1972,358.597827
1973,226.541317
1974,303.881712
1975,347.506951
1976,239.182227
1977,210.623197
1978,333.361581
1979,352.014311
1980,252.263202
1981,266.695728
1982,394.609835
1983,401.918977
1984,439.783215
1985,314.12955
1986,214.090847
1987,216.345613
1988,397.664968
1989,324.764511
1990,206.453822
1991,444.41297
1992,279.177937
1993,369.496906
1994,302.938397
1995,288.3964
1996,340.788726
1997,590.186897
1998,287.898065
1999,306.583622
2000,311.88347
2001,279.143945
2002,437.18799
2003,378.437927
2004,312.769297
2005,291.35566
2006,353.232048
2007,299.103886
2008,252.438271
2009,402.549648
2010,322.444949
2011,189.470305
2012,377.421956
2013,370.930171
2014,234.686819
2015,274.357725
2016,349.273171
2017,474.291006
2018,514.618711
2019,480.690153
2020,297.538257
2021,388.075917
2022,306.745161
2023,256.344572
2024,199.732706
2025,275.11366
2026,452.821517
2027,344.351451
2028,320.92666
2029,434.164227
2030,236.293693
2031,308.418814
2032,258.911812
2033,487.823915
2034,373.418521
2035,352.267345
2036,238.215714
2037,383.656204
2038,228.515838
2039,388.708652
2040,415.699019
2041,366.231836
2042,399.38805
2043,295.392481
2044,222.0989
2045,340.728974
2046,207.441325
2047,357.202915
2048,339.541525
2049,220.607427
2050,341.546403
2051,249.478183
2052,166.020852
2053,316.253487
2054,473.211517
2055,757.065532
2056,347.620549
2057,294.89109
2058,321.842973
2059,375.91957
2060,277.68741
2061,407.806969
2062,462.659465
2063,536.969012
2064,349.166555
2065,283.672314
2066,232.769908
2067,330.967364
2068,268.388723
2069,294.690961
2070,380.312001
2071,328.340506
2072,241.501586
2073,362.117362
2074,945.454147
2075,295.862309
2076,294.863976
2077,405.506711
2078,214.859632
2079,343.92843
2080,321.321459
2081,317.546517
2082,355.214821
2083,446.935208
2084,275.115521
2085,330.345053
2086,316.687655
2087,292.534527
2088,281.29796
2089,448.179521
2090,225.548757
2091,377.060326
2092,404.946071
2093,407.654161
2094,221.568972
2095,332.357822
2096,427.792518
2097,546.760532
2098,334.165837
2099,580.256308
2100,360.768851
2101,259.120114
2102,317.345664
2103,359.291965
2104,337.702038
2105,357.857833
2106,422.388962
2107,759.185237
2108,361.685132
2109,252.619859
2110,279.395397
2111,455.51889
2112,333.842934
2113,245.733214
2114,407.586018
2115,320.765047
2116,278.229258
2117,357.585027
2118,227.771184
2119,295.788026
2120,356.657486
2121,360.865934
2122,391.405802
2123,87.972698
2124,298.716268
2125,297.210728
2126,252.497595
2127,367.389314
2128,367.715307
2129,253.613511
2130,359.404593
2131,349.536278
2132,343.106476
2133,309.545028
2134,298.196426
2135,356.920006
2136,330.6588
2137,285.000038
2138,313.441719
2139,223.052932
2140,358.080435
2141,280.057013
2142,333.50599
2143,295.165208
2144,358.931002
2145,376.301913
2146,297.862731
2147,395.536949
2148,307.713148
2149,330.033147
2150,319.759504
2151,338.243468
2152,402.816366
2153,287.09068
2154,509.976229
2155,386.729294
2156,242.901265
2157,342.466841
2158,387.567524
2159,275.4067
2160,391.253838
2161,353.305416
2162,270.114413
2163,366.49226
2164,373.406969
2165,294.916831
2166,350.367551
2167,376.227388
2168,231.609347
2169,243.262555
2170,328.455898
2171,299.16342
2172,334.090237
2173,369.836788
2174,527.657424
2175,207.788557
2176,250.04933
2177,314.333847
2178,371.800114
2179,268.458994
2180,277.247165
2181,312.265577
2182,291.478369
2183,271.63798
2184,625.008551
2185,184.855401
2186,478.342207
2187,364.562717
2188,336.389489
2189,258.1881
2190,276.251817
2191,274.277184
2192,345.582792
2193,446.956684
2194,190.061142
2195,258.817981
2196,297.211505
2197,277.145473
2198,285.666931
2199,620.64992
2200,413.135986
2201,444.950409
2202,272.802748
2203,327.963628
2204,272.006238
2205,226.413387
2206,244.464491
2207,316.066747
2208,232.046402
2209,268.781868
2210,238.572924
2211,270.325464
2212,435.01664
2213,340.002278
2214,450.975826
2215,301.675301
2216,362.217304
2217,328.436765
2218,326.681202
2219,406.0265
2220,303.236042
2221,401.053274
2222,396.195242
2223,311.51716
2224,396.112359
2225,257.151112
2226,335.114002
2227,458.181748
2228,350.458919
2229,290.667178
2230,250.274833
2231,304.154502
2232,306.09109
2233,273.097728
2234,332.117856
2235,261.779718
2236,273.371771
2237,463.574683
2238,359.771349
2239,268.407747
2240,269.495943
2241,437.979443
2242,261.391707
2243,378.295258
2244,311.396107
2245,269.653269
2246,254.53413
2247,350.294526
2248,406.340461
2249,470.859868
2250,251.120156
2251,266.503415
2252,276.450539
2253,306.252294
2254,244.855008
2255,278.519312
2256,335.593618
2257,378.966366
2258,162.038187
2259,347.752195
2260,326.78769
2261,329.842341
2262,283.037864
2263,234.493942
2264,330.809684
2265,316.079464
2266,248.022713
2267,329.292485
2268,368.500376
2269,331.29953
2270,274.694659
2271,349.646156
2272,233.369368
2273,294.806867
2274,324.046899
2275,288.48441
2276,341.317672
2277,338.278352
2278,350.123059
2279,245.931948
2280,287.737354
2281,382.344811
2282,383.000963
2283,293.775751
2284,290.610118
2285,333.668324
2286,450.615742
2287,264.480385
2288,318.315896
2289,335.54685
2290,322.781806
2291,263.053935
2292,410.098694
2293,222.053922
2294,287.074659
2295,303.33849
2296,501.35055
2297,346.511841
2298,281.732368
2299,349.099862
2300,323.021563
2301,297.269996
2302,505.598198
2303,304.931031
2304,350.173023
2305,80.217234
2306,337.650989
2307,320.356329
2308,410.666796
2309,292.739813
2310,283.603657
2311,237.888367
2312,287.575169
2313,206.172583
2314,278.133985
2315,439.073566
2316,328.689382
2317,318.065478
2318,265.233085
2319,325.677794
2320,292.523277
2321,245.159401
2322,465.161533
2323,286.182423
2324,323.706684
2325,264.806053
2326,251.973756
2327,295.435687
2328,315.570248
2329,598.722604
2330,314.801018
2331,253.032439
2332,389.740778
2333,372.249341
2334,231.890081
2335,231.486232
2336,297.275801
2337,404.978581
2338,247.014937
2339,366.1907
2340,268.628556
2341,337.199866
2342,369.115783
2343,487.144756
2344,477.432957
2345,285.739437
2346,314.919212
2347,261.485339
2348,293.509074
2349,348.217747
2350,300.264028
2351,255.248874
2352,342.891912
2353,290.771704
2354,253.12905
2355,290.380595
2356,424.948348
2357,372.278669
2358,241.380876
2359,287.382284
2360,269.105172
2361,393.352647
2362,360.898869
2363,487.304437
2364,301.542801
2365,371.769936
2366,250.528687
2367,321.236211
2368,271.644572
2369,199.294588
2370,357.111511
2371,718.336357
2372,332.480556
2373,371.474232
2374,509.416935
2375,429.854927
2376,348.066963
2377,311.958279
2378,301.819244
2379,333.019832
2380,411.68203
2381,267.760131
2382,388.589349
2383,389.763448
2384,305.785192
2385,477.300158
2386,326.312759
2387,287.077496
2388,335.956221
2389,246.617083
2390,222.963376
2391,357.54063
2392,299.75696
2393,484.882285
2394,306.182112
2395,336.575925
2396,480.631099
2397,276.400936
2398,346.559466
2399,337.419084
2400,301.452804
2401,266.708043
2402,305.042539
2403,299.716109
2404,278.712176
2405,337.723255
2406,234.717476
2407,360.318934
2408,278.997909
2409,271.761893
2410,394.071462
2411,332.353264
2412,548.174069
2413,283.020551
2414,323.41819
2415,399.987077
2416,264.112248
2417,248.874522
2418,386.004584
2419,382.447924
2420,337.762177
2421,448.618057
2422,287.987759
2423,386.049652
2424,232.744841
2425,252.966717
2426,363.087589
2427,319.407254
2428,260.051122
2429,306.868114
2430,407.165988
2431,301.79068
2432,542.574608
2433,286.894261
2434,274.543659
2435,276.857714
2436,355.796885
2437,374.827168
2438,261.295678
2439,279.285193
2440,393.496597
2441,281.103521
2442,352.517522
2443,263.350474
2444,206.335592
2445,365.462552
2446,285.540205
2447,343.347298
2448,339.500987
2449,357.011711
2450,461.433975
2451,279.770194
2452,322.893261
2453,274.289783
2454,332.051459
2455,186.221956
2456,329.316811
2457,294.911702
2458,280.007517
2459,285.065556
2460,274.822714
2461,287.489458
2462,198.341898
2463,405.027009
2464,429.248989
2465,354.251197
2466,247.600674
2467,317.049327
2468,307.819241
2469,293.115489
2470,447.959919
2471,316.832888
2472,153.526719
2473,383.183901
2474,300.263169
2475,383.33266
2476,557.532275
2477,368.559324
2478,398.301187
2479,290.794928
2480,380.707638
2481,266.449844
2482,428.035403
2483,324.974526
2484,349.100215
2485,250.831568
2486,294.314834
2487,361.958637
2488,372.103662
2489,408.06341
2490,367.754514
2491,443.343755
2492,475.964383
2493,286.311146
2494,309.754216
2495,451.326603
2496,478.902088
2497,279.631323
2498,279.380643
2499,354.813739
2500,275.589821
2501,387.694605
2502,288.225471
2503,301.607807
2504,367.013626
2505,240.335067
2506,243.692494
2507,383.885682
2508,267.173778
2509,252.495024
2510,353.662625
2511,374.136427
2512,237.788571
2513,121.297292
2514,547.539373
2515,206.43785
2516,412.689251
2517,533.882109
2518,362.542817
2519,232.399072
2520,354.740345
2521,336.098722
2522,323.714945
2523,266.281506
2524,289.551406
2525,263.37569
2526,213.167019
2527,330.431084
2528,303.210902
2529,267.280714
2530,260.603292
2531,291.615972
2532,282.666129
2533,345.998812
2534,256.476629
2535,337.829688
2536,355.142594
2537,350.606116
2538,276.571356
2539,379.273258
2540,273.829791
2541,238.490769
2542,379.523007
2543,437.592887
2544,277.372783
2545,427.308478
2546,263.872149
2547,317.409323
2548,354.64635
2549,280.297376
2550,294.56432
2551,347.710507
2552,434.504761
2553,336.228508
2554,319.398894
2555,669.468876
2556,266.347785
2557,247.429429
2558,319.890184
2559,373.429075
2560,275.680319
2561,395.421256
2562,510.971138
2563,460.630979
2564,275.8567
2565,296.730381
2566,251.797421
2567,325.467771
2568,241.574611
2569,387.827083
2570,322.366793
2571,292.946059
2572,265.40282
2573,285.235744
2574,292.326615
2575,307.964395
2576,281.941985
2577,404.232777
2578,377.642585
2579,304.570011
2580,267.778658
2581,273.505855
2582,418.653493
2583,282.840287
2584,325.389174
2585,224.943993
2586,290.984694
2587,355.111139
2588,455.02407
2589,307.332938
2590,322.248345
2591,363.902188
2592,385.881567
2593,349.230938
2594,350.579487
2595,324.54707
2596,268.299939
2597,325.026742
2598,589.676713
2599,255.641866
2600,431.726086
2601,312.384763
2602,224.110848
2603,368.182046
2604,337.567818
2605,249.266754
2606,352.896233
2607,398.402959
2608,309.636029
2609,260.784838
2610,348.361066
2611,306.641167
2612,399.815896
2613,301.017107
2614,274.099132
2615,290.058926
2616,293.08473
2617,290.719734
2618,209.823272
2619,152.331519
2620,269.617434
2621,341.478023
2622,181.457988
2623,409.758886
2624,296.606762
2625,391.72489
2626,274.725037
2627,378.084431
2628,281.159401
2629,293.552932
2630,270.63477
2631,367.99512
2632,395.520915
2633,357.165528
2634,207.003362
2635,400.135711
2636,265.951611
2637,358.642932
2638,353.667973
2639,292.725781
2640,378.278166
2641,381.924782
2642,518.187084
2643,405.475346
2644,313.55955
2645,341.101599
2646,277.827566
2647,308.540551
2648,307.566779
2649,207.909365
2650,526.194161
2651,303.457154
2652,310.106695
2653,327.517597
2654,330.25051
2655,202.126414
2656,471.811197
2657,425.048887
2658,169.927191
2659,274.101302
2660,317.038361
2661,246.035517
2662,374.93454
2663,446.208062
2664,230.369062
2665,353.630861
2666,290.363513
2667,305.882432
2668,482.292286
2669,327.698316
2670,486.131537
2671,537.355617
2672,366.728384
2673,303.790426
2674,287.212175
2675,313.015492
2676,291.832165
2677,351.180466
2678,319.842968
2679,323.526521
2680,317.448397
2681,292.412401
2682,315.771254
2683,284.711902
2684,300.357535
2685,238.226659
2686,487.796885
2687,276.508683
2688,429.601426
2689,245.187621
2690,307.772238
2691,349.075942
2692,397.835164
2693,332.019178
2694,279.937343
2695,204.391945
2696,252.644281
2697,586.094918
2698,259.603148
2699,350.507212
2700,266.405159
2701,212.011071
2702,368.055962
2703,246.845379
2704,297.486297
2705,158.917785
2706,344.898632
2707,315.781306
2708,342.216102
2709,232.69382
2710,417.610431
2711,434.816095
2712,485.062343
2713,345.956564
2714,388.49871
2715,255.24367
2716,248.938204
2717,202.216657
2718,300.307106
2719,364.297114
2720,271.413583
2721,269.439313
2722,267.681677
2723,408.643057
2724,284.646161
2725,493.69218
2726,292.268393
2727,506.649855
2728,288.483029
2729,317.113419
2730,376.141931
2731,403.557036
2732,527.476927
2733,390.841944
2734,271.681605
2735,426.707552
2736,305.253173
2737,498.552243
2738,428.402851
2739,391.320287
2740,290.142326
2741,304.023434
2742,351.508385
2743,518.121594
2744,233.501452
2745,465.424532
2746,393.028237
2747,274.67838
2748,394.067498
2749,346.286104
2750,294.782066
2751,245.574895
2752,337.719646
2753,328.072034
2754,229.719191
2755,307.112917
2756,350.631036
2757,420.229577
2758,287.620324
2759,244.78475
2760,251.003089
2761,299.442732
2762,256.482568
2763,302.190704
2764,303.931011
2765,382.740685
2766,293.662313
2767,256.250227
2768,475.128076
2769,347.071149
2770,466.430378
2771,325.549598
2772,217.846342
2773,286.788179
2774,353.846668
2775,338.685919
2776,244.41759
2777,438.587799
2778,370.872158
2779,329.586231
2780,256.191947
2781,287.85609
2782,315.443822
2783,367.226537
2784,266.074129
2785,414.653737
2786,314.339826
2787,484.540839
2788,285.348499
2789,463.480361
2790,306.993454
2791,291.302662
2792,479.295058
2793,343.163408
2794,301.644932
2795,445.081846
2796,262.383865
2797,315.344166
2798,224.592894
2799,308.507968
2800,278.173404
2801,256.281838
2802,232.459044
2803,405.983853
2804,279.530111
2805,232.195602
2806,386.22324
2807,311.702569
2808,432.23141
2809,317.594016
2810,414.663392
2811,312.811332
2812,337.517784
2813,413.120767
2814,309.964511
2815,352.991839
2816,249.104038
2817,225.691954
2818,294.771825
2819,337.183655
2820,217.712308
2821,257.356126
2822,286.160203
2823,221.897712
2824,301.939081
2825,248.598066
2826,241.327905
2827,226.479721
2828,346.36782
2829,322.013047
2830,384.384735
2831,349.983342
2832,316.679191
2833,347.797014
2834,272.996739
2835,376.580912
2836,337.268346
2837,370.067697
2838,725.698619
2839,277.555295
2840,237.640914
2841,543.587445
2842,275.099364
2843,439.562646
2844,305.678239
2845,277.177597
2846,370.134723
2847,382.42749
2848,529.071365
2849,270.626825
2850,358.913261
2851,331.590712
2852,203.206787
2853,278.829817
2854,310.827893
2855,272.377469
2856,330.540579
2857,293.56957
2858,301.672103
2859,343.883063
2860,322.721996
2861,274.804495
2862,302.779143
2863,227.561727
2864,364.249671
2865,497.127733
2866,136.980349
2867,345.979477
2868,410.436152
2869,420.955938
2870,233.670867
2871,296.483085
2872,289.471615
2873,395.240456
2874,204.051402
2875,281.914951
2876,241.610247
2877,315.005323
2878,242.616705
2879,300.244472
2880,328.513412
2881,308.871035
2882,624.778488
2883,241.56137
2884,278.270243
2885,393.90687
2886,467.16449
2887,511.960364
2888,230.425197
2889,311.989161
2890,140.669899
2891,257.963594
2892,328.610703
2893,393.928588
2894,244.688173
2895,288.855208
2896,248.882279
2897,328.671588
2898,341.785772
2899,327.268294
2900,401.087476
2901,329.519167
2902,298.549181
2903,287.533854
2904,255.064011
2905,337.180427
2906,420.826448
2907,294.164607
2908,295.627796
2909,310.279157
2910,300.736975
2911,289.653968
2912,265.709954
2913,271.362471
2914,351.366867
2915,270.052322
2916,370.688962
2917,265.572929
2918,277.366404
2919,289.678456
2920,307.476742
2921,218.034609
2922,313.360088
2923,387.931599
2924,252.711569
2925,254.893481
2926,278.635238
2927,344.31635
2928,272.652148
2929,329.529543
2930,241.958626
2931,237.510946
2932,341.145114
2933,420.459157
2934,266.010269
2935,235.296284
2936,289.784454
2937,235.249039
2938,358.341798
2939,256.141408
2940,460.699611
2941,269.069878
2942,287.229685
2943,262.109539
2944,361.379891
2945,325.777834
2946,320.263043
2947,497.500978
2948,344.325459
2949,228.754557
2950,272.857795
2951,263.864024
2952,253.408309
2953,317.478164
2954,249.473167
2955,262.054457
2956,293.644261
2957,191.782495
2958,275.745609
2959,261.980769
2960,463.432682
2961,304.03768
2962,291.567912
2963,317.152734
2964,286.602897
2965,323.364071
2966,220.685055
2967,324.950317
2968,251.19073
2969,300.195344
2970,354.378756
2971,330.724577
2972,383.762697
2973,312.089763
2974,345.886065
2975,283.392129
2976,376.074429
2977,275.624048
2978,261.450111
2979,354.765112
2980,356.956336
2981,399.744713
2982,408.3372
2983,250.345705
2984,191.146549
2985,328.195081
2986,404.649597
2987,383.330223
2988,311.569271
2989,308.339746
2990,276.893792
2991,327.43502
2992,369.840444
2993,256.391385
2994,588.183677
2995,426.507839
2996,439.223541
2997,484.71327
2998,324.664172
2999,258.569515
3000,343.747609
3001,283.792264
3002,297.293349
3003,268.488733
3004,314.498834
3005,310.050019
3006,261.319181
3007,209.044203
3008,330.301315
3009,246.688868
3010,469.620439
3011,311.139384
3012,318.712691
3013,250.730676
3014,208.925036
3015,367.195996
3016,355.786574
3017,255.083811
3018,336.755409
3019,208.163779
3020,364.220936
3021,261.528726
3022,293.021475
3023,273.471313
3024,269.922555
3025,337.196616
3026,282.381199
3027,457.218877
3028,236.813434
3029,350.353354
3030,321.514107
3031,249.305641
3032,270.883428
3033,292.709349
3034,365.188256
3035,292.242413
3036,356.30869
3037,475.393692
3038,433.247083
3039,321.93067
3040,365.067591
3041,295.141751
3042,251.175727
3043,458.751038
3044,298.782094
3045,428.829439
3046,269.929543
3047,539.033665
3048,278.790788
3049,336.807101
3050,395.741821
3051,430.387421
3052,317.028281
3053,170.36544
3054,242.838675
3055,199.506809
3056,267.647441
3057,332.544229
3058,170.274608
3059,380.98071
3060,263.260798
3061,567.837683
3062,608.899346
3063,233.146629
3064,303.627958
3065,265.888508
3066,340.791806
3067,248.50759
3068,266.30965
3069,361.873674
3070,484.765555
3071,378.307342
3072,332.604483
3073,290.075816
3074,427.193067
3075,222.35614
3076,319.085529
3077,349.694964
3078,366.980445
3079,215.889475
3080,330.234095
3081,315.146701
3082,258.067691
3083,213.034111
3084,214.785362
3085,270.170124
3086,228.726086
3087,334.843886
3088,197.703571
3089,311.100619
3090,273.278183
3091,339.386367
3092,397.398703
3093,296.646405
3094,251.367934
3095,373.764449
3096,271.862913
3097,258.615659
3098,315.425295
3099,221.81595
3100,281.687748
3101,342.925282
3102,312.226577
3103,511.076211
3104,288.268165
3105,257.266115
3106,283.895747
3107,245.203559
3108,311.548435
3109,307.339427
3110,249.019953
3111,443.668989
3112,335.434013
3113,604.567017
3114,284.856847
3115,401.864047
3116,352.156291
3117,302.723845
3118,304.81987
3119,609.045987
3120,325.457608
3121,420.679972
3122,501.265205
3123,333.675347
3124,317.664707
3125,593.837657
3126,261.297997
3127,245.971753
3128,267.272865
3129,418.481112
3130,320.982095
3131,334.679972
3132,311.723809
3133,246.620958
3134,351.359429
3135,299.266938
3136,284.09947
3137,268.69532
3138,201.341263
3139,273.115371
3140,398.316866
3141,592.673561
3142,287.559878
3143,289.53676
3144,321.388728
3145,274.180647
3146,392.040275
3147,378.410664
3148,532.188725
3149,396.990426
3150,281.602869
3151,275.880557
3152,274.905405
3153,283.14733
3154,199.556708
3155,229.089619
3156,317.772209
3157,331.382615
3158,243.929705
3159,308.565884
3160,292.116016
3161,365.024765
3162,283.765982
3163,365.779195
3164,321.435219
3165,279.409783
3166,318.428351
3167,288.699407
3168,241.542128
3169,443.150562
3170,255.311914
3171,412.923442
3172,339.990461
3173,244.561671
3174,286.779077
3175,329.074378
3176,365.117515
3177,290.264252
3178,378.691573
3179,390.846678
3180,338.504219
3181,256.837287
3182,263.044648
3183,306.318732
3184,360.493569
3185,306.607497
3186,331.532227
3187,402.640314
3188,236.296765
3189,307.556095
3190,268.112311
3191,244.507922
3192,289.73353
3193,289.34185
3194,247.993466
3195,392.690887
3196,292.78832
3197,439.07701
3198,295.664758
3199,436.072535
3200,323.917034
3201,353.742645
3202,302.744864
3203,319.37305
3204,543.027492
3205,320.296588
3206,308.435476
3207,341.678102
3208,320.691316
3209,319.953634
3210,399.774546
3211,265.046446
3212,404.372631
3213,328.801916
3214,273.223612
3215,335.295674
3216,347.21931
3217,285.950751
3218,378.9695
3219,361.456986
3220,303.903311
3221,281.099395
3222,267.666346
3223,240.532318
3224,318.712484
3225,283.670306
3226,327.326781
3227,259.153626
3228,279.883876
3229,351.518357
3230,323.300121
3231,307.936339
3232,265.185981
3233,348.265642
3234,495.130892
3235,233.485859
3236,386.840328
3237,246.269379
3238,305.994953
3239,290.537766
3240,216.776029
3241,289.045687
3242,259.386447
3243,306.666169
3244,243.892199
3245,431.640797
3246,391.880704
3247,276.046601
3248,296.827282
3249,407.687833
3250,318.799661
3251,508.485648
3252,297.490765
3253,348.773324
3254,319.777119
3255,229.323542
3256,576.054675
3257,334.061856
3258,229.586282
3259,215.907544
3260,328.609725
3261,337.479002
3262,328.683737
3263,347.735006
3264,307.232077
3265,331.540816
3266,283.147187
3267,444.256294
3268,344.927385
3269,348.631447
3270,318.946449
3271,352.806951
3272,361.690687
3273,308.675424
3274,342.229276
3275,304.832802
3276,315.266833
3277,298.118499
3278,283.66126
3279,259.631613
3280,225.549991
3281,469.873214
3282,280.415974
3283,284.568443
3284,488.862591
3285,406.421429
3286,322.536481
3287,262.320031
3288,287.181876
3289,183.258001
3290,331.105128
3291,453.137812
3292,208.025073
3293,364.111962
3294,246.629303
3295,298.092545
3296,272.6051
3297,291.634877
3298,439.211645
3299,660.563731
3300,310.952016
3301,203.971306
3302,379.897268
3303,327.422596
3304,362.849211
3305,208.233307
3306,312.528362
3307,389.616939
3308,337.125506
3309,367.676884
3310,304.254093
3311,399.045632
3312,245.808453
3313,284.726986
3314,182.310971
3315,344.662575
3316,259.000096
3317,401.645612
3318,268.49745
3319,336.390253
3320,287.857338
3321,226.833512
3322,355.817173
3323,307.504669
3324,273.358377
3325,422.022486
3326,333.857646
3327,433.554191
3328,260.775785
3329,296.874686
3330,370.35275
3331,311.385989
3332,251.910322
3333,302.106435
3334,346.820984
3335,193.449214
3336,391.205131
3337,231.928996
3338,84.672347
3339,288.108614
3340,278.541941
3341,250.409668
3342,285.875855
3343,301.782808
3344,544.256796
3345,380.595189
3346,206.87263
3347,298.411403
3348,347.580909
3349,303.22193
3350,348.295049
3351,288.90935
3352,262.753723
3353,374.514906
3354,234.179642
3355,276.860529
3356,288.624894
3357,269.139459
3358,304.435364
3359,433.929019
3360,251.652814
3361,315.552377
3362,223.078639
3363,308.428797
3364,256.089164
3365,465.308889
3366,351.903844
3367,358.617385
3368,260.950473
3369,402.824948
3370,227.82751
3371,268.108438
3372,241.066714
3373,203.525096
3374,306.813908
3375,101.446827
3376,355.236474
3377,320.024002
3378,255.86908
3379,267.450157
3380,323.355825
3381,325.501009
3382,541.463871
3383,357.129356
3384,341.953932
3385,320.97901
3386,324.70054
3387,202.612565
3388,291.48891
3389,331.670966
3390,171.913989
3391,297.68556
3392,230.628073
3393,238.420322
3394,275.476413
3395,271.679255
3396,312.919258
3397,269.597762
3398,402.799994
3399,369.451875
3400,286.390705
3401,292.167848
3402,333.53402
3403,408.776007
3404,274.588152
3405,275.376267
3406,324.862269
3407,343.452468
3408,226.406995
3409,202.838285
3410,257.428432
3411,325.679275
3412,410.120229
3413,360.637145
3414,347.18243
3415,472.31483
3416,309.07862
3417,306.410279
3418,245.199889
3419,291.499462
3420,281.223829
3421,189.149894
3422,392.906106
3423,300.372785
3424,229.795836
3425,256.421759
3426,316.781816
3427,219.70599
3428,411.52835
3429,236.733442
3430,310.367778
3431,270.90506
3432,244.401827
3433,404.797857
3434,409.12474
3435,316.815683
3436,418.949602
3437,346.615301
3438,303.027181
3439,283.256225
3440,299.252447
3441,377.855913
3442,277.117986
3443,315.608261
3444,324.083007
3445,368.953906
3446,308.538333
3447,408.598626
3448,357.932564
3449,289.968948
3450,316.639779
3451,202.210385
3452,555.49235
3453,292.163322
3454,329.459161
3455,410.169603
3456,254.788451
3457,322.878504
3458,309.016665
3459,221.559821
3460,271.790865
3461,213.829138
3462,269.489283
3463,316.423703
3464,273.530948
3465,276.436154
3466,302.476796
3467,257.037701
3468,288.4838
3469,314.211675
3470,324.442688
3471,336.060093
3472,320.562423
3473,333.556592
3474,371.739408
3475,345.513387
3476,378.751544
3477,209.720657
3478,278.303337
3479,260.333731
3480,489.898099
3481,265.553858
3482,232.992116
3483,263.999615
3484,288.570842
3485,347.818361
3486,270.138549
3487,222.750748
3488,584.792477
3489,259.831723
3490,289.958752
3491,251.497401
3492,200.457769
3493,356.827865
3494,319.826299
3495,549.976016
3496,302.33206
3497,274.866741
3498,238.092123
3499,295.381383
3500,259.652355
3501,308.940174
3502,303.587867
3503,386.55671
3504,270.531152
3505,274.877772
3506,226.151608
3507,557.742459
3508,478.647761
3509,342.973363
3510,339.084517
3511,271.246014
3512,278.1032
3513,305.177436
3514,608.562427
3515,523.02062
3516,300.363034
3517,228.006953
3518,280.300338
3519,263.623981
3520,502.759826
3521,423.184441
3522,290.5944
3523,270.509646
3524,246.166062
3525,267.902909
3526,379.376157
3527,368.138538
3528,255.735801
3529,240.212446
3530,586.870308
3531,372.998769
3532,365.828699
3533,243.957603
3534,382.891371
3535,331.238026
3536,294.34074
3537,243.624606
3538,326.140118
3539,288.1979
3540,290.208112
3541,283.817863
3542,281.045864
3543,247.106403
3544,273.288192
3545,319.483382
3546,260.166073
3547,321.448535
3548,258.727089
3549,231.219419
3550,289.563527
3551,345.223586
3552,340.918723
3553,345.543763
3554,310.304569
3555,296.875431
3556,337.901659
3557,391.737716
3558,235.721781
3559,291.03106
3560,286.610434
3561,289.784993
3562,271.860961
3563,398.620428
3564,421.608156
3565,421.396741
3566,262.718206
3567,258.664767
3568,318.427529
3569,276.350784
3570,341.518066
3571,329.857106
3572,425.615093
3573,379.39584
3574,339.878756
3575,209.199151
3576,230.106494
3577,239.140742
3578,416.960386
3579,262.310746
3580,304.641507
3581,247.886869
3582,286.41911
3583,307.246292
3584,329.469934
3585,301.272617
3586,292.245102
3587,321.594345
3588,339.17555
3589,274.788457
3590,510.464216
3591,265.661901
3592,202.252192
3593,296.792254
3594,298.482004
3595,295.340909
3596,238.864874
3597,398.532221
3598,341.382477
3599,240.454928
3600,270.894657
3601,372.345385
3602,351.577519
3603,449.532429
3604,390.174698
3605,200.667583
3606,342.562446
3607,269.814673
3608,366.833297
3609,330.872689
3610,264.355209
3611,314.738353
3612,568.29477
3613,261.289196
3614,289.877668
3615,330.093664
3616,311.784316
3617,378.192543
3618,313.039862
3619,312.600768
3620,424.794048
3621,278.698573
3622,413.988917
3623,657.959514
3624,360.736233
3625,271.484271
3626,257.842835
3627,289.286347
3628,419.46091
3629,298.740101
3630,334.098268
3631,330.987697
3632,335.382002
3633,308.524328
3634,496.833581
3635,334.455557
3636,327.121309
3637,418.01666
3638,394.612848
3639,317.689198
3640,314.583698
3641,303.230385
3642,314.995342
3643,293.769279
3644,268.113616
3645,447.025767
3646,620.049231
3647,302.724248
3648,438.512264
3649,292.872393
3650,337.922434
3651,357.624546
3652,232.519589
3653,571.604225
3654,271.584272
3655,503.138457
3656,460.594575
3657,315.045619
3658,324.671546
3659,274.27582
3660,281.389084
3661,261.573778
3662,268.404541
3663,290.651925
3664,341.449198
3665,268.841806
3666,488.066892
3667,262.815797
3668,276.916546
3669,404.090958
3670,406.41654
3671,282.289168
3672,374.432592
3673,409.369821
3674,249.175566
3675,332.471484
3676,309.797491
3677,295.249735
3678,321.936645
3679,370.737793
3680,311.287892
3681,259.627255
3682,355.709944
3683,475.080977
3684,461.58955
3685,356.397383
3686,306.468056
3687,370.737791
3688,298.062024
3689,324.887961
3690,415.490429
3691,381.650568
3692,365.358
3693,408.52408
3694,262.321805
3695,176.299625
3696,245.31562
3697,322.390763
3698,414.071932
3699,274.787775
3700,328.071923
3701,279.737629
3702,479.231628
3703,251.53871
3704,306.774358
3705,571.78212
3706,273.76386
3707,356.379614
3708,538.827606
3709,338.758476
3710,383.716894
3711,362.990011
3712,356.917061
3713,288.656837
3714,249.78803
3715,229.556518
3716,396.483709
3717,296.986432
3718,423.731134
3719,354.340782
3720,264.226681
3721,407.64211
3722,375.357019
3723,510.943393
3724,342.047354
3725,406.895363
3726,341.936234
3727,331.094306
3728,306.804208
3729,286.450814
3730,288.758145
3731,341.684962
3732,385.119193
3733,276.577198
3734,332.377904
3735,478.330139
3736,480.140869
3737,328.362847
3738,208.018007
3739,289.763903
3740,302.766032
3741,446.829248
3742,274.630322
3743,202.961477
3744,197.342295
3745,317.086555
3746,259.167528
3747,332.503652
3748,291.860914
3749,328.811023
3750,330.720586
3751,274.434614
3752,308.951614
3753,297.261256
3754,341.441763
3755,219.542003
3756,339.151361
3757,367.95018
3758,310.04125
3759,356.978791
3760,281.766167
3761,270.855922
3762,460.856195
3763,289.235479
3764,314.369702
3765,323.333417
3766,294.697182
3767,525.410526
3768,262.028093
3769,369.011645
3770,258.894218
3771,243.600956
3772,223.471232
3773,388.194619
3774,329.641888
3775,332.710076
3776,318.863821
3777,241.560088
3778,457.637442
3779,314.822166
3780,292.839918
3781,354.992847
3782,355.241923
3783,396.736871
3784,294.117929
3785,347.209227
3786,307.665228
3787,294.961387
3788,275.744562
3789,281.835608
3790,381.805303
3791,278.042684
3792,279.034911
3793,421.623613
3794,400.488941
3795,361.911862
3796,364.476505
3797,387.055963
3798,352.690121
3799,243.921257
3800,310.319667
3801,325.606117
3802,303.304789
3803,332.162137
3804,255.871133
3805,300.867181
3806,285.301997
3807,376.845123
3808,300.521023
3809,323.218145
3810,394.282223
3811,300.766458
3812,311.004748
3813,355.464229
3814,378.570973
3815,253.283833
3816,291.823894
3817,257.227219
3818,473.911248
3819,387.221462
3820,239.921436
3821,460.959903
3822,364.462326
3823,305.985198
3824,310.164063
3825,299.37096
3826,362.697967
3827,322.526552
3828,306.776596
3829,260.162613
3830,345.637812
3831,294.352285
3832,236.835684
3833,369.291967
3834,327.043218
3835,485.423011
3836,584.740748
3837,405.696626
3838,429.840767
3839,228.405347
3840,265.606505
3841,298.471661
3842,266.108296
3843,306.125354
3844,357.115958
3845,325.960587
3846,304.572846
3847,257.467517
3848,362.232159
3849,274.346556
3850,229.049227
3851,290.451977
3852,336.102768
3853,329.694201
3854,469.21721
3855,291.565775
3856,315.811852
3857,291.418429
3858,313.840694
3859,301.392297
3860,315.408976
3861,320.74086
3862,310.091825
3863,318.215962
3864,352.17988
3865,440.08634
3866,231.287629
3867,361.509773
3868,346.967337
3869,273.738123
3870,321.730579
3871,211.579208
3872,369.196859
3873,360.35407
3874,355.749222
3875,352.294573
3876,305.942411
3877,466.017512
3878,270.085324
3879,308.666638
3880,314.193747
3881,305.412043
3882,251.890725
3883,454.029467
3884,345.354671
3885,243.673142
3886,268.693718
3887,270.711689
3888,346.210822
3889,246.653435
3890,380.132161
3891,300.708261
3892,359.180381
3893,303.133081
3894,299.418025
3895,242.986139
3896,263.552406
3897,339.660261
3898,231.543704
3899,390.937639
3900,319.070826
3901,283.160743
3902,308.131257
3903,299.590097
3904,482.041463
3905,354.840358
3906,326.367845
3907,271.771501
3908,343.761202
3909,341.803556
3910,390.760994
3911,388.468952
3912,293.737524
3913,273.886575
3914,324.703149
3915,293.773845
3916,286.505103
3917,380.305468
3918,270.45284
3919,408.248711
3920,405.750118
3921,424.582379
3922,308.356827
3923,390.499379
3924,457.253579
3925,360.055923
3926,420.973769
3927,304.68031
3928,268.985597
3929,422.111832
3930,330.759123
3931,255.449697
3932,329.622156
3933,387.478332
3934,272.42759
3935,318.142666
3936,336.925151
3937,330.817563
3938,288.693792
3939,382.598872
3940,428.738687
3941,221.565152
3942,264.871554
3943,319.573156
3944,338.034332
3945,290.698475
3946,540.847816
3947,335.556903
3948,252.425238
3949,400.684954
3950,254.140718
3951,282.562533
3952,280.844436
3953,295.877024
3954,370.659937
3955,339.613313
3956,344.766669
3957,317.943331
3958,362.406936
3959,458.528604
3960,270.899351
3961,367.146472
3962,483.39004
3963,347.896143
3964,306.080891
3965,269.903994
3966,344.23232
3967,300.046886
3968,364.426062
3969,413.397353
3970,346.069524
3971,331.208082
3972,348.813963
3973,438.664634
3974,288.720815
3975,389.235065
3976,263.3406
3977,252.925814
3978,464.362425
3979,275.625813
3980,265.267849
3981,390.737241
3982,311.669918
3983,366.453337
3984,266.302161
3985,423.308456
3986,435.389321
3987,395.831172
3988,298.784847
3989,413.404608
3990,272.356795
3991,265.995707
3992,289.943655
3993,285.855135
3994,277.946466
3995,345.781845
3996,396.651705
3997,311.962484
3998,327.713039
3999,382.1677
4000,259.57804
4001,341.927006
4002,332.586684
4003,363.473864
4004,291.519005
4005,285.258851
4006,270.069475
4007,435.364169
4008,373.93739
4009,273.769149
4010,323.634013
4011,373.745764
4012,336.904004
4013,361.416094
4014,260.250839
4015,254.026629
4016,361.740248
4017,263.653995
4018,377.912075
4019,286.88367
4020,419.191883
4021,259.778813
4022,243.992266
4023,340.490021
4024,295.163407
4025,281.63455
4026,402.24779
4027,276.576978
4028,481.127386
4029,277.327216
4030,279.917939
4031,303.949554
4032,361.076872
4033,306.794253
4034,389.286594
4035,376.68955
4036,310.64858
4037,300.020991
4038,410.879023
4039,372.180438
4040,275.423222
4041,219.317345
4042,318.134021
4043,356.257778
4044,317.928866
4045,362.33995
4046,334.271028
4047,382.705505
4048,364.326485
4049,337.143815
4050,357.937961
4051,319.676043
4052,294.261111
4053,261.863354
4054,356.08635
4055,295.860757
4056,356.832667
4057,473.651835
4058,300.607639
4059,255.983934
4060,336.917665
4061,320.649402
4062,346.006779
4063,299.77711
4064,303.456633
4065,347.649931
4066,504.063579
4067,254.057249
4068,302.339318
4069,310.690692
4070,346.068065
4071,309.074795
4072,379.184444
4073,267.814872
4074,292.569653
4075,429.287711
4076,354.422875
4077,332.766513
4078,270.512099
4079,342.121306
4080,362.44435
4081,444.964675
4082,323.056069
4083,231.340131
4084,217.401973
4085,249.77528
4086,360.91697
4087,265.578581
4088,377.386037
4089,371.512264
4090,393.555242
4091,342.887262
4092,356.679937
4093,347.772676
4094,267.958369
4095,343.279434
4096,279.266169
4097,281.780907
4098,284.000006
4099,283.605593
4100,286.909126
4101,278.098883
4102,357.017425
4103,259.341216
4104,376.57795
4105,295.454816
4106,292.350031
4107,333.013561
4108,520.333013
4109,256.480088
4110,573.585409
4111,317.036282
4112,344.133185
4113,365.429759
4114,338.630667
4115,272.140658
4116,485.748866
4117,196.716188
4118,311.175814
4119,367.744482
4120,299.390365
4121,331.649671
4122,340.08191
4123,290.138205
4124,218.480372
4125,338.236675
4126,343.115912
4127,295.47543
4128,339.901418
4129,349.107726
4130,275.614742
4131,299.817612
4132,317.577389
4133,317.291132
4134,311.607357
4135,328.564403
4136,472.471605
4137,360.289871
4138,246.296786
4139,221.954669
4140,403.418725
4141,312.244946
4142,419.829694
4143,506.756066
4144,321.618034
4145,434.435682
4146,329.306841
4147,282.310867
4148,416.635889
4149,371.251582
4150,476.740892
4151,386.752395
4152,344.824384
4153,270.89114
4154,344.526848
4155,407.411666
4156,358.995784
4157,298.60006
4158,301.174907
4159,326.228287
4160,351.357671
4161,268.961215
4162,270.657113
4163,453.106383
4164,333.995167
4165,299.457753
4166,344.785735
4167,304.753295
4168,341.557951
4169,308.733075
4170,542.494388
4171,333.744008
4172,391.379552
4173,526.507696
4174,305.603883
4175,410.861549
4176,297.841523
4177,258.323268
4178,350.558304
4179,317.610402
4180,347.07273
4181,348.336522
4182,261.245534
4183,218.003243
4184,397.694375
4185,224.279744
4186,396.664597
4187,379.047998
4188,291.151436
4189,320.443164
4190,251.363982
4191,390.131678
4192,181.765173
4193,372.556819
4194,304.492419
4195,395.517206
4196,291.701796
4197,409.633796
4198,363.662605
4199,355.988844
4200,275.866077
4201,336.90052
4202,351.073016
4203,270.350316
4204,287.907626
4205,338.501607
4206,355.432127
4207,321.558695
4208,387.871743
4209,339.694097
4210,339.085073
4211,366.693035
4212,285.063592
4213,527.477324
4214,265.937855
4215,430.600113
4216,619.390763
4217,321.76075
4218,335.365655
4219,311.138027
4220,221.571584
4221,263.065445
4222,389.720658
4223,266.855619
4224,284.430855
4225,274.347963
4226,362.974479
4227,381.754427
4228,287.945372
4229,298.897388
4230,373.787158
4231,339.29559
4232,222.274951
4233,332.741209
4234,313.005446
4235,281.110291
4236,266.706685
4237,525.515781
4238,293.120902
4239,349.369281
4240,277.68722
4241,243.969953
4242,288.774938
4243,302.846309
4244,380.560243
4245,338.531711
4246,532.066905
4247,249.876062
4248,430.905359
4249,400.308645
4250,478.618681
4251,303.925293
4252,472.462693
4253,460.669205
4254,228.353998
4255,367.718983
4256,271.031624
4257,289.269764
4258,249.913203
4259,218.301346
4260,298.569893
4261,360.63729
4262,395.209366
4263,272.481749
4264,255.43449
4265,303.749841
4266,258.214732
4267,376.29068
4268,418.031195
4269,380.681542
4270,316.844194
4271,365.073841
4272,232.426432
4273,269.966337
4274,289.043205
4275,448.230111
4276,349.355163
4277,255.588739
4278,385.465819
4279,250.291895
4280,369.119004
4281,285.379961
4282,269.819457
4283,424.320556
4284,241.904477
4285,218.498181
4286,309.408583
4287,258.058163
4288,335.255529
4289,467.708205
4290,295.617464
4291,341.797679
4292,331.840637
4293,409.187128
4294,226.446512
4295,319.996782
4296,276.30787
4297,277.159847
4298,346.807347
4299,342.319326
4300,339.014262
4301,210.724874
4302,499.183804
4303,311.420113
4304,396.331331
4305,227.065797
4306,366.752387
4307,174.63465
4308,514.02115
4309,471.637341
4310,374.445213
4311,289.029393
4312,287.035601
4313,260.080953
4314,273.335635
4315,316.510705
4316,369.67384
4317,464.94853
4318,283.858892
4319,408.282307
4320,162.732111
4321,311.662908
4322,283.858796
4323,252.914959
4324,446.873464
4325,276.9685
4326,269.251672
4327,392.124616
4328,345.468191
4329,181.312452
4330,321.068617
4331,330.973217
4332,299.575638
4333,384.269499
4334,251.900742
4335,497.94073
4336,251.148096
4337,362.058483
4338,361.295977
4339,261.772782
4340,318.880921
4341,338.687776
4342,289.833965
4343,339.264391
4344,404.632385
4345,406.571459
4346,474.222835
4347,281.821643
4348,345.529766
4349,294.237951
4350,295.936797
4351,328.683385
4352,258.222511
4353,261.137081
4354,457.59947
4355,262.913294
4356,212.406808
4357,278.853066
4358,517.281151
4359,286.284667
4360,349.445969
4361,341.63556
4362,339.978997
4363,311.858095
4364,366.787951
4365,488.248684
4366,281.680126
4367,240.480054
4368,557.755137
4369,277.405042
4370,310.376191
4371,399.391915
4372,349.877466
4373,446.165412
4374,415.630851
4375,299.623568
4376,283.100793
4377,555.944139
4378,352.015515
4379,281.430874
4380,216.494508
4381,242.240051
4382,276.484096
4383,215.048122
4384,293.067985
4385,476.238329
4386,372.641617
4387,256.074414
4388,298.963135
4389,177.38763
4390,199.349754
4391,363.01085
4392,261.132941
4393,339.244997
4394,249.325228
4395,165.663514
4396,212.831919
4397,571.888191
4398,563.166682
4399,213.48034
4400,200.079631
4401,309.373946
4402,324.963945
4403,239.637673
4404,259.903186
4405,432.947862
4406,355.492714
4407,374.071436
4408,355.691562
4409,545.192881
4410,357.565348
4411,354.753956
4412,330.009257
4413,351.124016
4414,453.489292
4415,439.947052
4416,302.465229
4417,420.006017
4418,280.524818
4419,213.664879
4420,421.629327
4421,388.834665
4422,271.754669
4423,358.477382
4424,405.619222
4425,622.473513
4426,429.343216
4427,310.157106
4428,368.932883
4429,281.468358
4430,288.172477
4431,360.88122
4432,335.905044
4433,378.723763
4434,323.14152
4435,414.975529
4436,298.699336
4437,343.401449
4438,337.549192
4439,358.619176
4440,404.476124
4441,265.780939
4442,372.562206
4443,273.463218
4444,411.126532
4445,372.378142
4446,272.938887
4447,298.895108
4448,345.516644
4449,222.478924
4450,575.509503
4451,297.938846
4452,336.450146
4453,285.839758
4454,332.734266
4455,280.818813
4456,233.75198
4457,346.52598
4458,419.665263
4459,688.69549
4460,372.767053
4461,266.911577
4462,614.364164
4463,203.766109
4464,342.739053
4465,285.891835
4466,323.040424
4467,355.709287
4468,270.583546
4469,275.406427
4470,302.40226
4471,340.625393
4472,321.548624
4473,385.964494
4474,449.400403
4475,287.704648
4476,358.887882
4477,359.368691
4478,324.647672
4479,353.312785
4480,384.810301
4481,280.456961
4482,334.457347
4483,203.463137
4484,300.770926
4485,341.860243
4486,389.103657
4487,350.41628
4488,381.881546
4489,409.31707
4490,331.124714
4491,355.747704
4492,296.604881
4493,331.537009
4494,667.424655
4495,308.69289
4496,292.095004
4497,264.919052
4498,313.273088
4499,125.642442
4500,294.490314
4501,360.510161
4502,380.074263
4503,244.116581
4504,348.045321
4505,297.4732
4506,467.526793
4507,430.425776
4508,387.542485
4509,280.360585
4510,260.283669
4511,293.181447
4512,309.440573
4513,347.742635
4514,281.289715
4515,428.888105
4516,483.723605
4517,254.02713
4518,439.298401
4519,448.208635
4520,384.601338
4521,340.230854
4522,305.403613
4523,476.124974
4524,264.236112
4525,514.733901
4526,334.733672
4527,286.735671
4528,336.222356
4529,270.258564
4530,383.767612
4531,310.26845
4532,338.943427
4533,297.914786
4534,352.578404
4535,453.610694
4536,308.786726
4537,266.685509
4538,253.494864
4539,297.514404
4540,343.233197
4541,305.399384
4542,240.807473
4543,326.054648
4544,383.467113
4545,218.979818
4546,243.201593
4547,265.126727
4548,349.75342
4549,391.295189
4550,442.17117
4551,303.972144
4552,271.312968
4553,299.659145
4554,391.915491
4555,270.991485
4556,342.145701
4557,418.689621
4558,262.911455
4559,347.822946
4560,271.170932
4561,290.712846
4562,509.406926
4563,391.541597
4564,160.459954
4565,195.159936
4566,311.39696
4567,268.933551
4568,324.012375
4569,255.517142
4570,337.254723
4571,335.87568
4572,342.990165
4573,339.972281
4574,273.151597
4575,348.483848
4576,369.60122
4577,304.338368
4578,386.249335
4579,391.44474
4580,271.929988
4581,391.45569
4582,406.092737
4583,318.870529
4584,334.950596
4585,410.63631
4586,301.502073
4587,334.431471
4588,501.886289
4589,320.721363
4590,385.426961
4591,308.755525
4592,455.415083
4593,362.316133
4594,473.205427
4595,456.464108
4596,334.970155
4597,441.874516
4598,449.491475
4599,398.65901
4600,325.566704
4601,392.577736
4602,570.668863
4603,438.482631
4604,233.587853
4605,323.248064
4606,274.956158
4607,374.647991
4608,381.958889
4609,482.67814
4610,414.894596
4611,220.430484
4612,296.181401
4613,408.504494
4614,202.502217
4615,259.043213
4616,196.94368
4617,558.042583
4618,365.196196
4619,423.316708
4620,288.887509
4621,255.283457
4622,249.563807
4623,362.060406
4624,301.17368
4625,374.610536
4626,530.045306
4627,288.501641
4628,255.386219
4629,329.488175
4630,352.355068
4631,292.557308
4632,309.084498
4633,413.74875
4634,334.631634
4635,499.013728
4636,283.82214
4637,343.252377
4638,313.939948
4639,298.211251
4640,355.28358
4641,315.613097
4642,248.859205
4643,291.871538
4644,322.280735
4645,268.796718
4646,271.943536
4647,260.686378
4648,372.444285
4649,255.247984
4650,304.765868
4651,318.89111
4652,426.448365
4653,336.011406
4654,419.447684
4655,226.453115
4656,672.733574
4657,321.828886
4658,276.104784
4659,300.59125
4660,389.986121
4661,304.758909
4662,385.882281
4663,292.750421
4664,318.162167
4665,388.380325
4666,275.126531
4667,261.173812
4668,336.788296
4669,313.295203
4670,318.422008
4671,292.427571
4672,312.119456
4673,323.55401
4674,391.76948
4675,339.563982
4676,334.128409
4677,355.445039
4678,248.159893
4679,350.114441
4680,322.09154
4681,306.76094
4682,326.523133
4683,298.573368
4684,332.087231
4685,352.074383
4686,206.216974
4687,311.506503
4688,332.360046
4689,224.37453
4690,299.786768
4691,342.695781
4692,187.432803
4693,468.028153
4694,366.904323
4695,287.591624
4696,313.88904
4697,415.728644
4698,408.887996
4699,328.927993
4700,238.78994
4701,311.348494
4702,359.421764
4703,386.97032
4704,546.748041
4705,416.729964
4706,294.73438
4707,330.191405
4708,389.730864
4709,238.669706
4710,293.167886
4711,347.299289
4712,320.607455
4713,347.173779
4714,358.166533
4715,294.10605
4716,358.613706
4717,275.335291
4718,433.865553
4719,385.709765
4720,311.655402
4721,401.639711
4722,416.259476
4723,370.543062
4724,516.591648
4725,343.568976
4726,249.435402
4727,334.095666
4728,276.424363
4729,343.101339
4730,331.129459
4731,383.38791
4732,303.180958
4733,314.271072
4734,246.190389
4735,331.979129
4736,343.297268
4737,278.343496
4738,308.62016
4739,361.236196
4740,395.443228
4741,277.593096
4742,221.369357
4743,409.516874
4744,547.419717
4745,267.839592
4746,325.83404
4747,256.289527
4748,392.070879
4749,349.532304
4750,296.846436
4751,242.060028
4752,297.712188
4753,322.223752
4754,288.379759
4755,371.760834
4756,320.026238
4757,340.129
4758,190.316725
4759,322.417786
4760,352.203699
4761,365.462502
4762,368.640085
4763,459.935428
4764,437.204546
4765,334.318314
4766,335.569428
4767,382.496749
4768,285.920916
4769,233.754596
4770,312.859032
4771,319.432766
4772,529.186954
4773,379.842696
4774,312.423234
4775,415.938275
4776,312.451543
4777,278.67982
4778,301.350706
4779,361.458737
4780,225.93759
4781,441.267514
4782,367.55748
4783,254.819465
4784,284.379458
4785,263.596031
4786,561.092044
4787,418.305711
4788,233.282753
4789,298.719328
4790,459.477164
4791,357.124649
4792,336.472282
4793,408.901422
4794,288.762063
4795,471.778162
4796,301.000619
4797,463.122029
4798,357.667005
4799,421.974583
4800,489.55581
4801,317.064226
4802,217.169263
4803,304.394764
4804,371.059675
4805,352.362096
4806,256.607922
4807,258.882188
4808,293.940076
4809,277.933127
4810,282.032177
4811,253.256392
4812,248.195116
4813,297.197644
4814,350.099769
4815,278.477268
4816,285.547545
4817,381.216904
4818,368.560767
4819,347.089508
4820,418.325975
4821,320.305734
4822,433.272397
4823,428.330615
4824,284.33106
4825,352.786695
4826,375.261578
4827,338.230826
4828,305.197987
4829,328.003345
4830,520.407931
4831,367.110072
4832,310.842296
4833,244.283237
4834,367.216419
4835,352.897494
4836,319.172057
4837,423.765494
4838,313.974285
4839,398.618954
4840,383.612852
4841,346.928856
4842,333.455557
4843,422.556366
4844,266.883281
4845,388.890535
4846,351.844214
4847,290.026209
4848,302.105866
4849,433.256818
4850,245.170639
4851,237.65334
4852,533.025026
4853,432.361938
4854,273.958771
4855,322.860332
4856,267.792054
4857,429.268274
4858,233.968664
4859,312.838431
4860,269.927737
4861,387.265686
4862,395.643078
4863,242.011139
4864,403.497591
4865,325.703426
4866,264.875809
4867,307.439789
4868,307.502839
4869,327.939446
4870,402.024041
4871,355.311369
4872,320.677909
4873,267.749349
4874,274.270719
4875,367.152677
4876,280.69948
4877,451.794119
4878,333.872438
4879,243.242048
4880,268.641619
4881,202.107201
4882,508.410235
4883,246.486651
4884,329.71443
4885,495.942023
4886,307.813083
4887,248.790235
4888,263.878372
4889,370.462566
4890,304.653038
4891,399.378754
4892,300.870292
4893,264.097442
4894,307.682916
4895,352.61354
4896,358.93924
4897,324.592369
4898,267.366296
4899,372.875814
4900,312.589081
4901,354.856642
4902,299.0104
4903,304.782082
4904,409.944913
4905,478.897299
4906,258.251332
4907,549.995328
4908,320.912413
4909,276.147558
4910,364.150699
4911,238.408803
4912,309.721855
4913,379.711751
4914,358.414682
4915,324.059047
4916,315.038314
4917,229.248311
4918,192.566558
4919,323.562818
4920,279.10491
4921,326.412416
4922,470.622407
4923,402.489
4924,329.873898
4925,426.902211
4926,291.77401
4927,375.212699
4928,283.068548
4929,679.42213
4930,312.897967
4931,320.095321
4932,512.4792
4933,280.583127
4934,288.284526
4935,261.24336
4936,333.676767
4937,283.658524
4938,287.500381
4939,365.845626
4940,432.32727
4941,283.369872
4942,318.738354
4943,299.649867
4944,564.357268
4945,274.207492
4946,338.05621
4947,340.037571
4948,288.496836
4949,280.426381
4950,288.425199
4951,441.479732
4952,346.182544
4953,239.997007
4954,216.120269
4955,377.775751
4956,318.600217
4957,366.00512
4958,411.852856
4959,280.114566
4960,317.782456
4961,322.735667
4962,351.11254
4963,295.071538
4964,247.230579
4965,339.676918
4966,422.034872
4967,366.952302
4968,287.225834
4969,273.976376
4970,335.316849
4971,320.165063
4972,316.114528
4973,336.228866
4974,421.599691
4975,354.934439
4976,259.290725
4977,296.049514
4978,384.652322
4979,306.77462
4980,332.491999
4981,184.392533
4982,276.288531
4983,386.211157
4984,466.636361
4985,267.279769
4986,410.327707
4987,326.064765
4988,230.089061
4989,290.190014
4990,282.474804
4991,273.332227
4992,298.672875
4993,281.643394
4994,303.104495
4995,255.768032
4996,256.135952
4997,320.633711
4998,321.24584
4999,329.323125
5000,297.340401
5001,259.242018
5002,372.477392
5003,237.881916
5004,337.221373
5005,268.852186
5006,318.420336
5007,266.772108
5008,335.100698
5009,356.200011
5010,498.672235
5011,561.496212
5012,357.147703
5013,466.354971
5014,291.39344
5015,399.45658
5016,396.264322
5017,372.926818
5018,455.001692
5019,381.171219
5020,482.274005
5021,367.739527
5022,313.318616
5023,295.283965
5024,312.557271
5025,337.484921
5026,368.090358
5027,353.715822
5028,277.830546
5029,476.580731
5030,464.754232
5031,313.517498
5032,474.184748
5033,296.875506
5034,367.737371
5035,331.378092
5036,256.875106
5037,259.966415
5038,272.64416
5039,271.811577
5040,435.406736
5041,316.568206
5042,427.971655
5043,522.045329
5044,244.691347
5045,330.550161
5046,241.846364
5047,262.229748
5048,295.595759
5049,376.624114
5050,224.953553
5051,483.380403
5052,280.409201
5053,414.820747
5054,309.791163
5055,291.555071
5056,311.608788
5057,252.153128
5058,232.098714
5059,424.852848
5060,241.294393
5061,339.787445
5062,367.421005
5063,384.154044
5064,364.991274
5065,350.455381
5066,267.475593
5067,317.226399
5068,292.498766
5069,329.004833
5070,225.265218
5071,327.404211
5072,285.576031
5073,280.615538
5074,324.471622
5075,301.620422
5076,492.723481
5077,331.461541
5078,351.481499
5079,498.208736
5080,378.878179
5081,351.978204
5082,398.717822
5083,327.199348
5084,319.080012
5085,319.933181
5086,440.393869
5087,259.683115
5088,283.747284
5089,262.203296
5090,456.456565
5091,260.274944
5092,337.685529
5093,311.168875
5094,309.426928
5095,304.955218
5096,372.73648
5097,252.880688
5098,392.061798
5099,434.234084
5100,430.442064
5101,292.232054
5102,440.407767
5103,239.142895
5104,436.792626
5105,425.733969
5106,286.700494
5107,282.235461
5108,236.209996
5109,321.512235
5110,393.938344
5111,272.628236
5112,334.391697
5113,266.542691
5114,216.102149
5115,322.83418
5116,430.665535
5117,326.863328
5118,210.410615
5119,473.834463
5120,281.767818
5121,398.140274
5122,291.047393
5123,366.313887
5124,370.001116
5125,282.808415
5126,269.754838
5127,341.635147
5128,293.689776
5129,335.574145
5130,300.878819
5131,277.858493
5132,300.687438
5133,342.936217
5134,401.813652
5135,362.544173
5136,324.254506
5137,324.087045
5138,248.988639
5139,264.961152
5140,219.113578
5141,312.000235
5142,376.363176
5143,325.212003
5144,325.578161
5145,330.334355
5146,323.135982
5147,280.074775
5148,304.804889
5149,253.097017
5150,283.81791
5151,390.052357
5152,344.917576
5153,395.794837
5154,263.028528
5155,305.093515
5156,336.742176
5157,467.825679
5158,290.471045
5159,357.852178
5160,312.671188
5161,332.793808
5162,242.040536
5163,334.11728
5164,285.028969
5165,325.231119
5166,218.519055
5167,287.64519
5168,231.361236
5169,436.492041
5170,414.451562
5171,294.659392
5172,298.382585
5173,353.510957
5174,236.044019
5175,351.905828
5176,523.527191
5177,293.572741
5178,435.034944
5179,367.673646
5180,277.662456
5181,333.66561
5182,383.592968
5183,455.593439
5184,295.791367
5185,394.352206
5186,334.703199
5187,340.227444
5188,221.689746
5189,467.752559
5190,318.712705
5191,340.464175
5192,328.91268
5193,291.641475
5194,265.277601
5195,234.774787
5196,349.99253
5197,375.994898
5198,329.362453
5199,287.48879
5200,404.192036
5201,350.401261
5202,312.671086
5203,501.19956
5204,359.593368
5205,366.053028
5206,275.840194
5207,399.035114
5208,332.509689
5209,354.667268
5210,297.68292
5211,401.148529
5212,383.109325
5213,309.838593
5214,232.230058
5215,291.650412
5216,290.908255
5217,504.023654
5218,294.617526
5219,276.028898
5220,442.232992
5221,286.704119
5222,277.481876
5223,320.892768
5224,615.120287
5225,265.633234
5226,294.292618
5227,274.752693
5228,312.626484
5229,337.066299
5230,256.14997
5231,644.167772
5232,277.477526
5233,267.845621
5234,405.403939
5235,345.639021
5236,267.315462
5237,494.429186
5238,384.893077
5239,334.471553
5240,264.287719
5241,253.552519
5242,329.456744
5243,264.677216
5244,707.500295
5245,391.160515
5246,521.151581
5247,275.248828
5248,355.60429
5249,321.06133
5250,354.974986
5251,196.627957
5252,324.695066
5253,283.410887
5254,177.7646
5255,351.40258
5256,278.125607
5257,307.461715
5258,286.372457
5259,363.299316
5260,386.679859
5261,413.241494
5262,376.192009
5263,325.951911
5264,340.135147
5265,231.964986
5266,429.636166
5267,257.502178
5268,257.59117
5269,301.934557
5270,325.851257
5271,359.266485
5272,373.869757
5273,383.68881
5274,418.594126
5275,281.543251
5276,478.951767
5277,313.583129
5278,291.95975
5279,431.662315
5280,402.319806
5281,317.027173
5282,301.952497
5283,279.952552
5284,372.819031
5285,420.498314
5286,499.081338
5287,325.014559
5288,443.242588
5289,360.490254
5290,342.248415
5291,354.655744
5292,261.276186
5293,348.173626
5294,225.93757
5295,341.30783
5296,350.050116
5297,454.369558
5298,172.624201
5299,281.303098
5300,312.31071
5301,625.246447
5302,286.595254
5303,256.357944
5304,278.512474
5305,482.359296
5306,476.627451
5307,283.861382
5308,288.660056
5309,442.775335
5310,309.347486
5311,396.18135
5312,219.626012
5313,335.388745
5314,350.989775
5315,322.685281
5316,342.906335
5317,265.282801
5318,348.603773
5319,306.500074
5320,275.592902
5321,287.877256
5322,331.014501
5323,359.180207
5324,325.579767
5325,320.783742
5326,508.205496
5327,457.739483
5328,287.967114
5329,371.408703
5330,307.352504
5331,528.14814
5332,294.016199
5333,569.29452
5334,251.898106
5335,312.593139
5336,368.839099
5337,235.669174
5338,354.957127
5339,400.599055
5340,256.226921
5341,352.57606
5342,280.91533
5343,329.474882
5344,259.896494
5345,299.433544
5346,248.826445
5347,347.374309
5348,410.159973
5349,322.082711
5350,274.954023
5351,606.575688
5352,296.310794
5353,400.729
5354,635.013716
5355,221.444313
5356,462.502589
5357,336.584339
5358,541.006927
5359,261.265532
5360,429.767992
5361,377.224339
5362,203.057138
5363,333.518884
5364,168.55739
5365,298.511848
5366,255.354723
5367,301.190914
5368,380.522104
5369,352.531898
5370,413.029286
5371,428.706328
5372,368.862851
5373,361.488676
5374,323.28889
5375,325.542545
5376,372.773988
5377,237.734248
5378,386.094221
5379,298.192094
5380,311.721493
5381,324.952059
5382,397.640365
5383,265.675775
5384,284.77111
5385,284.021187
5386,296.584545
5387,402.947195
5388,273.813705
5389,274.977346
5390,295.286017
5391,367.071232
5392,316.355555
5393,538.938793
5394,481.352995
5395,399.840684
5396,311.947756
5397,438.762638
5398,459.666893
5399,333.842622
5400,670.389867
5401,441.251854
5402,416.102231
5403,245.305698
5404,1094.465404
5405,280.556828
5406,448.801157
5407,341.904375
5408,449.503975
5409,289.443701
5410,375.69393
5411,498.469218
5412,350.724566
5413,355.063804
5414,362.468291
5415,306.302625
5416,358.665259
5417,491.357612
5418,482.526746
5419,360.338716
5420,364.417734
5421,346.993538
5422,390.920709
5423,286.888109
5424,297.367602
5425,207.308938
5426,493.516278
5427,469.581044
5428,270.996294
5429,316.241819
5430,353.894882
5431,337.194823
5432,311.780735
5433,261.040813
5434,302.355611
5435,352.364636
5436,340.938928
5437,311.222261
5438,352.626148
5439,310.480992
5440,345.765414
5441,580.218756
5442,250.288212
5443,253.989407
5444,234.117111
5445,326.757169
5446,378.244908
5447,243.885468
5448,256.108052
5449,304.500274
5450,304.145694
5451,260.307184
5452,524.882986
5453,378.110349
5454,332.459552
5455,250.377509
5456,474.979496
5457,303.120994
5458,291.052162
5459,372.174719
5460,359.593751
5461,363.345366
5462,217.180558
5463,260.86596
5464,221.477431
5465,531.876007
5466,331.348161
5467,320.498727
5468,297.332896
5469,282.012353
5470,336.898549
5471,361.159041
5472,242.915212
5473,520.122578
5474,237.813997
5475,332.317494
5476,324.048535
5477,338.455942
5478,308.581979
5479,393.007798
5480,276.094207
5481,269.555246
5482,204.42825
5483,278.148224
5484,341.663156
5485,388.689832
5486,330.455318
5487,227.639808
5488,278.373979
5489,371.930864
5490,290.875414
5491,334.922871
5492,230.204605
5493,387.553918
5494,275.637944
5495,257.428469
5496,334.015024
5497,358.07893
5498,306.653697
5499,292.259911
5500,379.593438
5501,530.475002
5502,332.90844
5503,254.972548
5504,377.358
5505,303.998741
5506,267.484989
5507,326.673365
5508,402.913281
5509,284.268921
5510,194.030271
5511,382.125607
5512,313.401418
5513,356.140131
5514,359.762546
5515,431.592072
5516,397.007401
5517,424.68068
5518,249.644182
5519,355.83403
5520,272.216745
5521,228.163725
5522,328.803165
5523,393.254791
5524,507.105264
5525,391.291086
5526,267.473857
5527,310.837289
5528,272.546478
5529,362.256775
5530,374.248848
5531,298.032827
5532,314.327319
5533,285.571251
5534,271.549678
5535,453.604378
5536,303.098938
5537,434.113954
5538,352.579804
5539,305.931911
5540,297.989327
5541,223.487524
5542,487.140386
5543,306.857296
5544,322.078987
5545,332.150163
5546,566.979712
5547,344.806198
5548,328.881284
5549,291.122611
5550,281.180942
5551,271.610449
5552,301.655997
5553,377.367236
5554,300.473769
5555,340.282693
5556,308.318903
5557,304.091016
5558,299.306891
5559,325.596896
5560,505.932435
5561,276.650608
5562,263.838111
5563,327.095242
5564,330.485527
5565,243.484543
5566,289.023986
5567,455.039779
5568,330.563957
5569,363.862118
5570,352.899042
5571,429.187168
5572,271.746672
5573,492.462167
5574,379.633436
5575,369.527381
5576,343.255602
5577,442.6333
5578,327.561016
5579,357.995104
5580,384.411118
5581,351.119416
5582,309.064114
5583,340.903636
5584,476.19916
5585,561.472607
5586,276.534666
5587,475.695274
5588,645.70261
5589,311.303867
5590,247.875442
5591,483.952576
5592,250.47921
5593,271.168165
5594,377.70183
5595,256.414234
5596,376.835365
5597,300.209058
5598,294.86368
5599,466.020318
5600,330.196974
5601,632.401118
5602,244.556335
5603,256.416789
5604,525.913316
5605,307.053648
5606,288.117525
5607,526.497039
5608,333.348503
5609,348.028609
5610,303.214639
5611,420.274905
5612,335.87016
5613,453.009305
5614,317.100348
5615,313.213487
5616,452.243015
5617,333.085386
5618,535.87443
5619,570.990729
5620,252.915774
5621,377.882068
5622,346.873736
5623,292.926308
5624,391.982271
5625,301.644138
5626,305.00188
5627,330.550166
5628,296.150374
5629,426.439881
5630,321.890907
5631,301.077672
5632,286.470817
5633,318.637139
5634,399.962975
5635,367.318359
5636,281.804323
5637,322.547475
5638,371.96473
5639,394.829956
5640,251.19644
5641,328.66369
5642,252.076508
5643,380.669728
5644,236.893873
5645,265.162894
5646,440.271694
5647,356.952397
5648,392.83877
5649,233.640574
5650,316.876558
5651,261.871721
5652,373.930815
5653,283.029934
5654,311.154962
5655,393.919602
5656,334.448354
5657,400.937682
5658,346.859223
5659,212.664549
5660,440.045723
5661,296.076031
5662,288.797779
5663,406.572037
5664,298.139072
5665,303.150608
5666,357.215422
5667,348.417433
5668,585.31211
5669,210.865589
5670,414.590686
5671,359.463089
5672,309.700219
5673,331.955192
5674,364.459155
5675,255.414146
5676,307.059975
5677,395.214137
5678,375.046535
5679,298.409355
5680,330.72844
5681,446.624906
5682,194.993066
5683,319.584489
5684,288.872056
5685,413.694843
5686,413.456829
5687,493.422585
5688,309.109946
5689,375.354512
5690,277.541402
5691,410.096988
5692,299.644097
5693,365.550423
5694,313.345189
5695,340.132198
5696,293.412466
5697,319.189247
5698,281.077451
5699,296.404291
5700,287.130299
5701,270.67396
5702,507.907144
5703,206.172414
5704,297.150968
5705,284.90971
5706,331.173782
5707,325.193332
5708,475.610977
5709,319.933982
5710,343.422605
5711,483.428032
5712,306.078417
5713,345.586914
5714,370.382954
5715,400.283545
5716,312.319754
5717,477.559644
5718,275.684196
5719,423.381832
5720,389.663866
5721,287.313569
5722,329.21589
5723,381.248915
5724,376.996474
5725,328.005221
5726,388.674214
5727,405.927587
5728,307.544454
5729,319.588661
5730,650.74594
5731,351.264129
5732,385.29352
5733,376.613037
5734,458.143937
5735,308.83983
5736,360.088749
5737,283.140338
5738,271.387258
5739,405.758336
5740,349.008627
5741,333.148836
5742,443.247911
5743,217.55028
5744,295.221075
5745,345.737523
5746,325.614679
5747,423.661518
5748,293.217531
5749,683.522528
5750,279.34951
5751,274.701504
5752,547.24887
5753,381.659751
5754,371.537981
5755,206.191573
5756,331.044511
5757,298.907441
5758,388.585385
5759,342.859127
5760,436.219944
5761,447.927704
5762,235.395216
5763,363.776768
5764,404.765346
5765,396.382656
5766,366.971188
5767,402.771524
5768,318.804191
5769,188.0635
5770,459.242215
5771,306.186807
5772,338.416511
5773,357.132661
5774,304.036884
5775,310.588041
5776,269.022011
5777,271.191597
5778,319.914608
5779,333.036682
5780,404.874774
5781,292.377133
5782,259.721629
5783,467.233778
5784,330.05095
5785,254.883143
5786,405.684398
5787,309.097777
5788,297.592977
5789,291.766285
5790,300.227345
5791,427.171623
5792,558.139759
5793,378.907782
5794,413.926671
5795,276.111349
5796,315.681722
5797,261.79236
5798,328.365822
5799,536.432945
5800,394.488302
5801,408.147217
5802,403.027033
5803,272.623627
5804,491.557014
5805,365.34054
5806,366.921335
5807,400.939776
5808,325.506864
5809,414.987081
5810,401.248105
5811,255.944359
5812,305.504059
5813,368.937325
5814,337.460038
5815,375.415741
5816,260.458013
5817,385.115048
5818,539.194825
5819,332.461581
5820,251.346507
5821,323.404762
5822,276.303968
5823,459.292229
5824,377.625748
5825,277.320033
5826,324.964255
5827,443.271618
5828,394.289591
5829,256.835424
5830,933.56099
5831,222.456773
5832,305.736883
5833,308.302087
5834,248.93023
5835,556.612703
5836,267.252388
5837,305.370126
5838,405.56896
5839,511.423752
5840,261.512637
5841,276.493916
5842,357.915127
5843,370.930671
5844,364.603653
5845,500.877661
5846,312.242256
5847,330.453106
5848,204.384209
5849,379.627193
5850,270.267895
5851,344.530187
5852,692.072329
5853,259.512619
5854,411.654466
5855,273.631052
5856,444.242766
5857,345.857005
5858,353.108846
5859,332.925114
5860,312.870713
5861,357.833909
5862,431.749866
5863,432.834292
5864,282.464344
5865,313.922803
5866,348.796108
5867,549.520154
5868,360.046553
5869,389.339076
5870,364.12788
5871,466.815535
5872,320.44351
5873,379.080558
5874,312.197675
5875,629.689307
5876,288.900838
5877,272.034761
5878,251.579728
5879,328.053139
5880,391.836352
5881,394.222763
5882,253.194886
5883,422.520398
5884,434.094369
5885,382.538302
5886,341.747404
5887,248.924899
5888,317.780076
5889,416.524804
5890,478.521936
5891,318.478366
5892,332.497157
5893,398.947617
5894,514.121109
5895,447.844353
5896,300.065894
5897,594.542351
5898,620.454365
5899,447.553152
5900,314.395121
5901,618.549662
5902,458.535495
5903,191.355739
5904,334.366276
5905,292.630949
5906,378.78929
5907,505.493778
5908,351.333805
5909,302.476469
5910,366.912496
5911,402.493088
5912,375.150713
5913,451.684297
5914,467.49868
5915,339.160202
5916,312.723635
5917,499.852052
5918,307.137659
5919,455.562298
5920,559.177924
5921,296.553007
5922,355.919535
5923,232.485177
5924,365.588805
5925,337.489118
5926,354.306967
5927,293.036689
5928,264.071807
5929,411.017382
5930,319.444155
5931,335.185959
5932,313.60154
5933,231.726825
5934,232.33364
5935,354.676003
5936,533.58706
5937,529.075192
5938,370.117162
5939,254.429563
5940,309.029234
5941,376.964958
5942,219.717357
5943,401.185314
5944,367.523377
5945,357.80673
5946,294.477812
5947,271.461726
5948,346.537449
5949,397.600989
5950,387.91989
5951,372.381958
5952,322.686407
5953,368.018466
5954,486.225491
5955,439.924793
5956,330.261251
5957,314.929466
5958,319.564309
5959,373.586087
5960,200.219557
5961,292.831963
5962,322.500741
5963,223.312323
5964,472.520882
5965,297.513874
5966,264.630162
5967,266.384743
5968,511.923831
5969,553.992988
5970,409.058931
5971,426.612133
5972,333.194881
5973,276.38153
5974,337.571956
5975,349.889523
5976,539.249867
5977,294.021884
5978,515.819477
5979,319.605009
5980,319.858875
5981,322.878998
5982,275.793278
5983,449.963176
5984,285.927524
5985,348.99941
5986,345.376324
5987,266.497981
5988,461.398202
5989,446.026637
5990,316.048209
5991,360.24703
5992,326.999396
5993,399.178508
5994,316.930552
5995,451.442789
5996,411.373511
5997,321.92869
5998,362.16156
5999,444.687038
6000,345.339759
6001,347.718288
6002,252.714162
6003,326.907846
6004,223.642547
6005,272.715626
6006,531.683487
6007,314.977649
6008,404.782575
6009,279.300132
6010,401.487272
6011,319.079874
6012,317.829324
6013,267.609423
6014,412.557936
6015,354.512911
6016,291.845858
6017,416.717361
6018,349.810979
6019,294.696965
6020,316.011095
6021,242.634028
6022,334.014237
6023,406.909904
6024,392.768437
6025,376.462321
6026,456.459093
6027,260.335772
6028,435.821661
6029,309.325719
6030,339.90243
6031,427.615116
6032,364.119538
6033,320.97099
6034,262.405468
6035,379.653437
6036,317.101897
6037,317.553468
6038,235.100604
6039,365.807719
6040,257.049146
6041,348.341776
6042,331.423067
6043,318.029662
6044,390.177059
6045,319.177888
6046,353.72884
6047,287.666965
6048,299.731583
6049,306.423769
6050,449.226904
6051,307.545329
6052,397.790638
6053,347.835653
6054,404.577306
6055,487.434239
6056,365.637675
6057,635.906219
6058,319.787943
6059,388.955987
6060,308.587332
6061,262.477725
6062,308.409187
6063,297.964451
6064,419.991721
6065,386.930756
6066,271.228749
6067,340.767182
6068,322.916178
6069,360.668179
6070,238.781958
6071,229.414954
6072,308.853088
6073,403.947014
6074,409.142279
6075,263.135885
6076,305.032784
6077,504.054484
6078,426.533906
6079,357.522228
6080,387.933369
6081,313.407706
6082,301.044285
6083,293.172282
6084,368.606064
6085,278.887438
6086,341.080226
6087,441.880963
6088,279.794757
6089,298.592587
6090,317.86104
6091,324.092831
6092,395.221782
6093,150.333006
6094,405.937203
6095,281.695554
6096,359.976739
6097,359.057565
6098,339.582381
6099,401.177613
6100,337.893361
6101,273.680147
6102,531.466171
6103,277.795883
6104,321.592078
6105,247.31882
6106,326.486541
6107,456.179333
6108,311.067307
6109,365.714701
6110,409.976635
6111,478.295937
6112,289.057873
6113,325.196061
6114,449.81548
6115,261.246751
6116,547.544902
6117,312.57893
6118,503.446983
6119,381.24867
6120,340.843881
6121,322.341102
6122,270.723293
6123,379.301209
6124,316.820818
6125,390.645195
6126,300.392026
6127,590.249963
6128,315.519736
6129,356.161255
6130,407.079485
6131,194.101659
6132,380.965975
6133,349.516933
6134,319.853715
6135,363.330325
6136,309.386556
6137,625.358919
6138,344.68827
6139,320.843529
6140,362.797815
6141,300.012826
6142,282.625931
6143,359.079671
6144,417.123538
6145,288.909538
6146,389.100203
6147,184.889629
6148,283.576741
6149,487.757235
6150,402.226337
6151,414.910408
6152,371.442163
6153,436.209241
6154,442.016173
6155,303.394922
6156,671.245078
6157,482.017072
6158,303.806594
6159,452.68236
6160,291.02208
6161,293.665826
6162,297.771185
6163,385.742656
6164,406.636129
6165,335.05616
6166,321.669352
6167,318.023617
6168,398.250408
6169,368.512762
6170,341.101503
6171,311.134743
6172,386.63504
6173,461.732688
6174,325.54361
6175,311.169634
6176,252.800882
6177,346.107608
6178,375.84828
6179,385.267081
6180,430.581802
6181,338.509217
6182,336.018337
6183,473.10001
6184,567.881008
6185,415.980807
6186,362.623945
6187,328.597707
6188,283.96369
6189,247.896778
6190,218.809478
6191,403.455205
6192,346.131243
6193,287.481655
6194,187.73117
6195,424.521738
6196,318.554699
6197,418.262005
6198,308.466371
6199,344.667073
6200,368.548549
6201,246.736907
6202,401.259207
6203,220.321755
6204,346.715117
6205,301.16918
6206,316.705447
6207,399.975713
6208,121.780365
6209,272.259402
6210,504.024739
6211,299.337005
6212,398.673012
6213,229.021435
6214,285.157474
6215,333.604981
6216,421.435156
6217,298.842291
6218,313.572124
6219,373.520498
6220,274.417581
6221,400.504755
6222,415.247248
6223,337.531012
6224,357.347483
6225,326.201875
6226,284.627233
6227,255.122908
6228,231.884999
6229,400.779859
6230,307.664128
6231,389.224739
6232,322.255639
6233,337.368074
6234,244.70854
6235,322.411369
6236,416.191788
6237,369.818686
6238,642.016753
6239,294.77302
6240,344.949507
6241,326.144889
6242,268.802779
6243,298.520874
6244,307.916751
6245,485.555412
6246,296.292072
6247,346.754132
6248,286.574142
6249,346.941095
6250,235.501871
6251,224.264972
6252,481.78973
6253,311.082019
6254,255.306282
6255,297.478988
6256,399.532497
6257,359.663193
6258,279.533348
6259,264.996182
6260,498.759439
6261,520.213516
6262,430.743696
6263,348.955144
6264,271.623221
6265,323.860418
6266,509.157302
6267,670.181099
6268,638.322523
6269,452.014919
6270,259.640496
6271,497.798776
6272,401.10227
6273,339.019762
6274,412.416236
6275,388.717523
6276,340.388499
6277,408.483624
6278,325.075496
6279,333.225768
6280,511.865168
6281,435.81684
6282,666.807329
6283,402.138561
6284,452.158013
6285,347.161822
6286,383.323366
6287,199.469414
6288,292.54995
6289,363.842466
6290,395.801246
6291,353.396764
6292,309.088945
6293,388.13663
6294,328.547652
6295,348.249673
6296,349.378309
6297,322.055231
6298,261.462518
6299,351.409722
6300,388.925809
6301,481.762937
6302,349.022617
6303,364.08308
6304,270.379004
6305,280.152776
6306,379.546646
6307,354.990656
6308,303.719682
6309,418.558441
6310,389.921361
6311,281.905105
6312,251.164376
6313,245.362507
6314,324.32212
6315,232.60055
6316,305.469707
6317,259.283984
6318,394.345125
6319,390.903764
6320,388.02329
6321,379.764306
6322,290.599478
6323,428.717282
6324,358.523481
6325,319.600619
6326,261.396386
6327,408.144206
6328,369.535518
6329,334.398068
6330,327.276047
6331,204.283455
6332,418.590299
6333,387.191254
6334,223.58288
6335,359.860293
6336,317.101319
6337,297.474976
6338,371.359085
6339,369.308743
6340,267.13575
6341,385.414791
6342,457.522207
6343,400.639275
6344,337.306779
6345,390.40649
6346,488.54302
6347,333.630423
6348,374.932423
6349,522.284792
6350,373.342413
6351,442.060642
6352,282.858961
6353,265.051763
6354,335.490287
6355,348.35494
6356,446.696478
6357,427.474482
6358,363.423635
6359,325.089781
6360,452.402986
6361,542.307807
6362,379.407442
6363,402.25373
6364,344.154625
6365,400.133704
6366,241.463474
6367,285.237768
6368,292.853097
6369,422.291907
6370,249.6016
6371,644.825438
6372,394.320204
6373,537.827096
6374,519.479149
6375,370.955361
6376,365.618177
6377,469.436175
6378,321.349753
6379,328.600309
6380,375.579264
6381,391.876071
6382,383.614603
6383,394.973463
6384,381.430404
6385,350.0439
6386,407.370916
6387,428.572449
6388,302.503837
6389,394.582451
6390,381.272269
6391,379.514013
6392,352.1639
6393,369.138101
6394,283.214359
6395,335.449499
6396,375.957008
6397,367.038659
6398,667.929391
6399,325.599738
6400,372.167918
6401,517.056912
6402,421.22268
6403,363.42786
6404,349.658119
6405,434.153705
6406,255.618706
6407,430.510413
6408,604.478107
6409,460.980069
6410,436.757723
6411,370.497492
6412,287.204961
6413,374.357142
6414,338.472823
6415,287.187079
6416,485.019622
6417,389.959306
6418,267.759916
6419,401.883557
6420,295.552211
6421,619.35047
6422,264.046112
6423,305.96603
6424,304.449263
6425,353.038971
6426,318.437647
6427,296.947804
6428,309.387434
6429,424.694056
6430,323.913807
6431,262.43954
6432,326.852361
6433,425.568269
6434,353.219178
6435,299.737676
6436,377.762836
6437,198.228293
6438,305.836405
6439,595.996959
6440,258.873324
6441,427.206657
6442,414.332736
6443,275.925557
6444,319.004888
6445,251.503893
6446,339.759353
6447,416.922154
6448,331.29214
6449,355.467525
6450,328.770352
6451,311.669678
6452,260.952834
6453,261.266697
6454,343.762185
6455,370.671289
6456,313.387247
6457,349.85231
6458,330.177964
6459,274.017396
6460,303.470144
6461,356.875077
6462,240.242672
6463,372.542464
6464,353.712411
6465,541.374989
6466,479.177746
6467,342.653854
6468,343.19485
6469,262.560778
6470,420.294576
6471,494.223758
6472,298.829381
6473,310.117984
6474,498.096813
6475,253.069316
6476,335.410428
6477,156.539953
6478,312.33908
6479,466.983099
6480,442.61612
6481,411.665961
6482,497.662017
6483,430.533425
6484,309.446484
6485,352.171401
6486,353.319628
6487,631.366323
6488,326.536204
6489,307.820974
6490,572.267905
6491,295.064189
6492,406.991965
6493,311.908859
6494,296.805511
6495,358.687169
6496,295.504488
6497,250.762005
6498,306.510204
6499,322.832462
6500,246.304067
6501,450.515612
6502,363.661961
6503,278.218946
6504,364.75699
6505,324.754465
6506,289.888877
6507,328.66681
6508,402.034584
6509,379.965737
6510,348.71665
6511,307.576194
6512,371.434842
6513,462.626228
6514,251.896539
6515,350.42708
6516,391.259703
6517,294.05023
6518,326.779598
6519,432.145344
6520,345.68018
6521,329.621753
6522,437.926558
6523,250.265985
6524,329.11577
6525,360.690144
6526,329.065705
6527,329.264339
6528,225.444327
6529,297.865166
6530,304.737491
6531,437.921208
6532,389.788644
6533,278.74213
6534,302.792003
6535,343.702096
6536,341.349254
6537,394.54228
6538,363.069408
6539,262.059485
6540,454.93702
6541,307.725599
6542,365.671763
6543,314.37279
6544,300.050472
6545,394.421442
6546,378.329294
6547,334.075947
6548,499.827106
6549,322.975898
6550,349.125752
6551,354.417932
6552,334.931404
6553,368.376279
6554,394.134738
6555,387.843599
6556,301.615599
6557,379.416655
6558,319.099185
6559,441.707962
6560,220.530668
6561,622.19683
6562,321.055771
6563,478.746275
6564,575.046787
6565,340.53799
6566,333.010556
6567,386.020599
6568,262.703484
6569,287.235302
6570,261.715393
6571,341.795397
6572,230.081527
6573,348.880663
6574,359.751987
6575,503.927635
6576,371.589233
6577,353.564655
6578,241.852995
6579,351.019403
6580,385.482489
6581,332.981343
6582,465.120297
6583,460.361715
6584,232.808797
6585,370.561403
6586,364.251712
6587,319.165752
6588,390.386929
6589,347.910917
6590,334.820707
6591,332.012979
6592,351.79371
6593,575.789143
6594,305.673496
6595,345.717577
6596,421.637807
6597,283.294482
6598,409.268649
6599,575.47752
6600,320.072189
6601,462.516699
6602,315.545505
6603,332.167687
6604,377.337817
6605,304.960095
6606,251.128909
6607,286.46399
6608,350.73417
6609,330.799462
6610,342.810608
6611,259.855523
6612,444.777855
6613,438.442021
6614,378.569129
6615,354.382232
6616,392.577687
6617,352.529252
6618,255.52714
6619,427.531909
6620,335.638423
6621,354.062796
6622,453.305705
6623,371.245291
6624,291.3325
6625,370.292864
6626,362.213349
6627,451.829575
6628,383.811069
6629,329.377305
6630,324.748821
6631,212.547226
6632,331.296499
6633,277.851713
6634,419.143663
6635,341.101721
6636,384.311819
6637,410.014998
6638,264.828633
6639,291.297682
6640,475.483591
6641,525.536017
6642,322.493073
6643,410.712927
6644,322.865815
6645,332.661381
6646,454.854015
6647,394.46878
6648,459.008152
6649,328.945857
6650,300.681609
6651,368.466084
6652,301.922384
6653,356.600617
6654,270.469386
6655,409.212054
6656,405.093606
6657,405.556411
6658,432.949647
6659,767.836002
6660,342.678993
6661,501.280165
6662,355.632712
6663,426.29128
6664,410.620711
6665,320.476208
6666,381.482588
6667,330.52034
6668,326.211207
6669,426.476684
6670,326.202375
6671,402.899895
6672,486.527899
6673,324.117851
6674,386.371536
6675,350.804502
6676,473.683851
6677,250.518149
6678,293.097259
6679,307.81167
6680,237.454254
6681,293.726122
6682,296.385301
6683,336.536435
6684,365.05774
6685,325.897018
6686,316.908391
6687,236.395703
6688,307.798986
6689,286.47415
6690,382.247891
6691,282.202431
6692,376.832181
6693,351.097968
6694,384.390265
6695,346.558937
6696,346.609328
6697,399.614549
6698,285.620493
6699,402.373992
6700,321.489203
6701,481.099131
6702,395.959627
6703,450.100475
6704,311.002193
6705,496.565249
6706,420.763453
6707,277.861136
6708,424.9024
6709,382.961835
6710,288.26847
6711,373.773266
6712,746.793997
6713,541.354226
6714,285.980569
6715,310.72454
6716,273.973309
6717,330.005486
6718,372.038949
6719,353.229038
6720,360.283812
6721,351.877676
6722,407.898035
6723,297.640844
6724,758.890018
6725,339.346163
6726,329.237942
6727,425.911943
6728,297.501516
6729,367.018132
6730,359.708747
6731,319.29864
6732,343.157269
6733,363.395173
6734,304.30242
6735,458.682726
6736,330.045101
6737,260.808098
6738,285.938672
6739,414.286936
6740,262.481169
6741,261.569213
6742,497.762512
6743,315.986541
6744,351.302524
6745,322.345546
6746,285.503184
6747,408.663794
6748,541.921887
6749,335.005487
6750,333.737983
6751,428.473462
6752,297.002746
6753,307.035197
6754,360.801303
6755,385.467707
6756,393.939089
6757,319.501184
6758,401.564958
6759,435.891469
6760,340.787826
6761,579.699696
6762,367.186045
6763,476.904132
6764,262.475266
6765,507.780256
6766,294.935584
6767,305.916159
6768,347.935131
6769,280.974469
6770,383.856277
6771,399.687183
6772,331.904389
6773,317.895014
6774,361.489929
6775,344.945188
6776,347.00564
6777,488.822204
6778,364.052823
6779,389.012308
6780,583.901593
6781,331.617959
6782,266.236362
6783,288.411256
6784,295.474995
6785,521.13498
6786,344.446369
6787,387.380783
6788,411.334139
6789,223.264571
6790,350.923021
6791,396.142318
6792,344.409714
6793,319.825742
6794,375.54568
6795,231.616581
6796,456.189348
6797,239.99193
6798,423.537063
6799,229.934935
6800,356.084361
6801,393.028911
6802,343.661372
6803,374.945348
6804,309.878749
6805,302.175539
6806,272.246781
6807,397.736502
6808,241.276278
6809,406.927447
6810,356.597344
6811,326.964784
6812,314.362392
6813,308.18811
6814,474.586164
6815,389.687881
6816,393.324352
6817,429.758229
6818,325.575401
6819,349.618011
6820,412.002079
6821,361.777376
6822,410.455351
6823,222.947465
6824,419.980221
6825,376.518353
6826,555.592708
6827,327.31519
6828,387.542609
6829,388.090024
6830,416.773964
6831,285.496701
6832,336.886919
6833,390.646163
6834,385.226688
6835,309.960573
6836,305.061242
6837,291.355565
6838,391.12047
6839,262.148411
6840,606.306363
6841,367.810126
6842,419.279227
6843,310.329306
6844,324.329017
6845,246.456503
6846,292.332627
6847,366.214933
6848,406.609868
6849,285.894022
6850,369.868219
6851,286.778854
6852,367.393872
6853,628.251459
6854,308.671783
6855,334.91962
6856,315.831102
6857,262.942274
6858,337.551016
6859,432.335954
6860,329.677101
6861,329.839587
6862,386.548035
6863,290.276051
6864,334.918504
6865,293.395735
6866,260.523935
6867,450.012508
6868,406.125415
6869,400.246664
6870,335.880637
6871,356.341068
6872,322.618107
6873,506.882199
6874,321.68093
6875,484.620539
6876,549.390814
6877,349.177593
6878,398.393023
6879,359.102313
6880,245.744769
6881,383.117188
6882,355.68981
6883,300.632137
6884,290.376172
6885,339.536688
6886,373.697643
6887,405.235717
6888,336.392105
6889,279.469292
6890,455.225385
6891,318.529824
6892,260.340244
6893,737.401431
6894,458.120184
6895,417.074461
6896,296.016841
6897,347.028346
6898,472.49092
6899,414.410249
6900,288.058351
6901,367.454168
6902,552.836166
6903,430.150387
6904,268.590479
6905,230.406829
6906,344.863443
6907,485.139302
6908,436.238265
6909,474.427538
6910,412.278407
6911,492.160594
6912,233.628198
6913,387.726841
6914,264.873747
6915,408.02154
6916,344.71688
6917,289.216586
6918,301.581345
6919,288.901933
6920,399.027245
6921,359.275471
6922,581.091351
6923,348.172181
6924,349.464211
6925,329.847828
6926,419.490455
6927,391.271698
6928,362.216103
6929,374.798307
6930,476.064917
6931,454.849445
6932,435.054608
6933,508.608321
6934,268.150174
6935,351.809149
6936,567.943961
6937,441.788319
6938,430.293613
6939,429.181649
6940,467.019876
6941,317.641996
6942,268.785138
6943,308.472862
6944,340.583698
6945,343.337553
6946,336.136417
6947,338.207532
6948,353.583472
6949,350.495034
6950,224.771476
6951,362.67353
6952,400.39909
6953,394.32317
6954,330.19835
6955,345.393918
6956,258.61037
6957,357.088582
6958,338.099209
6959,425.419803
6960,339.489815
6961,394.776656
6962,356.037249
6963,285.458387
6964,451.971619
6965,596.686134
6966,338.181394
6967,403.956399
6968,465.277014
6969,381.916142
6970,433.350685
6971,485.963011
6972,343.894126
6973,524.379193
6974,386.309231
6975,237.622492
6976,316.44327
6977,380.909397
6978,246.043981
6979,338.307375
6980,484.157089
6981,440.99921
6982,323.124734
6983,340.870779
6984,684.158742
6985,262.118406
6986,238.250841
6987,272.730259
6988,312.587759
6989,305.072678
6990,422.21243
6991,448.828695
6992,350.306298
6993,335.474995
6994,420.722758
6995,439.141213
6996,325.587052
6997,387.637934
6998,388.35833
6999,284.641322
7000,258.886119
7001,363.699106
7002,578.496577
7003,439.620938
7004,394.435173
7005,501.33301
7006,307.508554
7007,348.76583
7008,380.692216
7009,338.592344
7010,345.246102
7011,296.900519
7012,287.902383
7013,195.681164
7014,378.118249
7015,324.877049
7016,478.330276
7017,324.486366
7018,363.637886
7019,298.696771
7020,392.10077
7021,387.673562
7022,383.778685
7023,381.478524
7024,367.972352
7025,361.816484
7026,343.794682
7027,339.050929
7028,421.910495
7029,379.46468
7030,442.941939
7031,396.083849
7032,300.656953
7033,265.694536
7034,401.415722
7035,357.617094
7036,415.968919
7037,444.73282
7038,207.313435
7039,496.263242
7040,376.975506
7041,587.737344
7042,353.182416
7043,528.244321
7044,280.880084
7045,307.508582
7046,325.802615
7047,330.770723
7048,328.61052
7049,341.611888
7050,533.949662
7051,276.88659
7052,303.364411
7053,322.505072
7054,534.806913
7055,379.026238
7056,285.649835
7057,354.176712
7058,509.411404
7059,453.090659
7060,324.77786
7061,358.555947
7062,448.011937
7063,283.068862
7064,272.554112
7065,420.121328
7066,317.398843
7067,326.834572
7068,325.72766
7069,553.540588
7070,476.077817
7071,292.925717
7072,310.381529
7073,299.662405
7074,353.392735
7075,329.370129
7076,402.500282
7077,321.173667
7078,412.937537
7079,348.228085
7080,347.638234
7081,490.897004
7082,373.681542
7083,280.678004
7084,379.111021
7085,288.437044
7086,410.871144
7087,309.358018
7088,626.819214
7089,457.381848
7090,403.005391
7091,426.925463
7092,340.516536
7093,412.097289
7094,358.798158
7095,230.990352
7096,331.976063
7097,361.946276
7098,311.585072
7099,252.781199
7100,294.443075
7101,319.326102
7102,390.633351
7103,441.075513
7104,391.752873
7105,464.0023
7106,303.759478
7107,382.739428
7108,373.748446
7109,458.115463
7110,357.457511
7111,798.231752
7112,385.313945
7113,367.522508
7114,458.272873
7115,447.591154
7116,513.407376
7117,336.739233
7118,328.693618
7119,219.363137
7120,505.07352
7121,284.680981
7122,434.252983
7123,252.110983
7124,372.494102
7125,375.235748
7126,371.498817
7127,596.547352
7128,370.960208
7129,273.175695
7130,561.388042
7131,280.583889
7132,357.830314
7133,263.341819
7134,314.913122
7135,411.437624
7136,346.114796
7137,425.668769
7138,425.281452
7139,362.035842
7140,336.403378
7141,269.693039
7142,367.754507
7143,284.150807
7144,494.857939
7145,467.915286
7146,455.3302
7147,455.630464
7148,498.761439
7149,394.375989
7150,326.719916
7151,484.814798
7152,377.301142
7153,408.238099
7154,290.598162
7155,227.2395
7156,586.677161
7157,240.190683
7158,343.727056
7159,544.477169
7160,293.12178
7161,353.860247
7162,340.264715
7163,480.932483
7164,330.488482
7165,496.23374
7166,308.745326
7167,508.404127
7168,303.76382
7169,332.218008
7170,315.128057
7171,262.660797
7172,354.34035
7173,276.273412
7174,448.016605
7175,366.505674
7176,285.315334
7177,292.510328
7178,429.177077
7179,366.413164
7180,254.822191
7181,613.308077
7182,324.33989
7183,356.952152
7184,446.942372
7185,304.765053
7186,431.183187
7187,231.371348
7188,319.110165
7189,317.878572
7190,444.930261
7191,315.732532
7192,397.927864
7193,402.150592
7194,409.840981
7195,312.20683
7196,256.875897
7197,295.150146
7198,329.781843
7199,345.183075
7200,284.643201
7201,392.454704
7202,332.835441
7203,442.573738
7204,357.575099
7205,380.3136
7206,348.311342
7207,330.782313
7208,362.771747
7209,286.236468
7210,357.626091
7211,217.010862
7212,377.293232
7213,296.864885
7214,335.394228
7215,498.486785
7216,280.379256
7217,210.205386
7218,227.772076
7219,275.402302
7220,313.892229
7221,390.230146
7222,384.179609
7223,348.92377
7224,360.49335
7225,256.369138
7226,329.884928
7227,329.74287
7228,348.435573
7229,344.13698
7230,362.318978
7231,332.015749
7232,225.128754
7233,307.244309
7234,292.947267
7235,315.372108
7236,307.907064
7237,355.195852
7238,234.499249
7239,406.223586
7240,333.358257
7241,448.804875
7242,459.035719
7243,271.063146
7244,379.115533
7245,262.605144
7246,105.592187
7247,306.063168
7248,381.80489
7249,342.288586
7250,429.965366
7251,431.31312
7252,267.920232
7253,587.085927
7254,294.99552
7255,305.725004
7256,306.932861
7257,767.134926
7258,336.963736
7259,275.331758
7260,320.931896
7261,495.517817
7262,354.897608
7263,345.945364
7264,382.045917
7265,373.390112
7266,377.496154
7267,548.513763
7268,322.418315
7269,494.663789
7270,279.665756
7271,356.307018
7272,370.17183
7273,251.063453
7274,392.141039
7275,345.690627
7276,443.261991
7277,393.35957
7278,408.538677
7279,290.487169
7280,661.154201
7281,400.176458
7282,357.420939
7283,445.544748
7284,484.345722
7285,274.212202
7286,356.028049
7287,286.60929
7288,464.511554
7289,345.972571
7290,354.918688
7291,241.086171
7292,372.457284
7293,244.399738
7294,282.99652
7295,425.034064
7296,554.823436
7297,219.050898
7298,275.985785
7299,366.781843
7300,353.54516
7301,443.79333
7302,360.769862
7303,282.813476
7304,351.691607
7305,237.724608
7306,408.900784
7307,320.307435
7308,407.442778
7309,399.752754
7310,434.764235
7311,341.459164
7312,290.474494
7313,369.566528
7314,272.47435
7315,301.70956
7316,380.766331
7317,297.190068
7318,367.443763
7319,306.032795
7320,428.002358
7321,481.841827
7322,436.548102
7323,359.523083
7324,572.401912
7325,273.630731
7326,422.518789
7327,382.82645
7328,238.431199
7329,425.557651
7330,381.165229
7331,481.98348
7332,728.459987
7333,295.316492
7334,410.201319
7335,337.287587
7336,351.691215
7337,262.053259
7338,319.495975
7339,440.765452
7340,216.703899
7341,333.69197
7342,339.537875
7343,310.722301
7344,315.486478
7345,366.103916
7346,533.887942
7347,374.530679
7348,254.093677
7349,306.699721
7350,366.968938
7351,271.745417
7352,321.440012
7353,438.080739
7354,281.730797
7355,302.903284
7356,424.022914
7357,299.218303
7358,355.831282
7359,422.376418
7360,369.402891
7361,265.368248
7362,244.076388
7363,286.956114
7364,418.374511
7365,274.755785
7366,439.424685
7367,374.442739
7368,461.041751
7369,625.56045
7370,309.914178
7371,297.929537
7372,330.596991
7373,556.868863
7374,378.995982
7375,337.049216
7376,284.41604
7377,283.305941
7378,482.004132
7379,494.690014
7380,537.160019
7381,698.757852
7382,338.735556
7383,586.381149
7384,231.79995
7385,404.255352
7386,388.755091
7387,339.453018
7388,474.334379
7389,355.534109
7390,291.974419
7391,439.698666
7392,343.214097
7393,432.101374
7394,374.84929
7395,314.366531
7396,357.648698
7397,587.777991
7398,368.718158
7399,317.947961
7400,312.313017
7401,472.639389
7402,520.636497
7403,312.781463
7404,289.778559
7405,353.442991
7406,318.081754
7407,488.332299
7408,285.45982
7409,263.177679
7410,371.201055
7411,352.735502
7412,375.876538
7413,327.870211
7414,299.733433
7415,426.897382
7416,279.078518
7417,324.007851
7418,395.746619
7419,361.730297
7420,944.228051
7421,378.886688
7422,365.131346
7423,328.888811
7424,362.895979
7425,302.54854
7426,303.162409
7427,344.395188
7428,300.669098
7429,287.858693
7430,442.561683
7431,563.815338
7432,318.19624
7433,272.562361
7434,484.393934
7435,364.350212
7436,451.173923
7437,422.048383
7438,360.215258
7439,404.849416
7440,333.792058
7441,365.150204
7442,329.841317
7443,339.185585
7444,403.825418
7445,277.684404
7446,330.644374
7447,392.364386
7448,307.614067
7449,345.700586
7450,323.461046
7451,236.181544
7452,372.602502
7453,458.746738
7454,482.923787
7455,391.657318
7456,560.866212
7457,273.8467
7458,434.460609
7459,266.163422
7460,487.224163
7461,339.111603
7462,350.181675
7463,493.266429
7464,335.715967
7465,369.847303
7466,265.655262
7467,600.985456
7468,386.377231
7469,288.753414
7470,328.0669
7471,280.159175
7472,300.709367
7473,488.57638
7474,366.526732
7475,427.265649
7476,376.166157
7477,356.561445
7478,420.310428
7479,367.518975
7480,280.395609
7481,456.126409
7482,348.60568
7483,344.049149
7484,327.076324
7485,412.343866
7486,461.446426
7487,283.727618
7488,348.347346
7489,452.020401
7490,343.01289
7491,292.132841
7492,358.404627
7493,360.446303
7494,476.072131
7495,303.906216
7496,285.391209
7497,298.354397
7498,335.232964
7499,328.72261
7500,333.638869
7501,375.776212
7502,373.225124
7503,348.777913
7504,283.636105
7505,280.859871
7506,328.870001
7507,368.059347
7508,327.496282
7509,293.651427
7510,309.394261
7511,441.186102
7512,246.027895
7513,430.212373
7514,290.025172
7515,348.660024
7516,344.035204
7517,454.076814
7518,355.519435
7519,570.359853
7520,287.728017
7521,319.812579
7522,363.298648
7523,439.851966
7524,586.076313
7525,376.499262
7526,342.021391
7527,221.913008
7528,498.112246
7529,428.569032
7530,262.19303
7531,609.091204
7532,503.762232
7533,402.159812
7534,495.43284
7535,273.507118
7536,342.998769
7537,412.126713
7538,294.704177
7539,346.540025
7540,345.234806
7541,352.929084
7542,377.555047
7543,371.963586
7544,303.600507
7545,502.533464
7546,469.64325
7547,220.070187
7548,332.008899
7549,279.104631
7550,409.509231
7551,425.123202
7552,224.532168
7553,436.014013
7554,357.334439
7555,410.252587
7556,253.469383
7557,427.620789
7558,402.763082
7559,473.747903
7560,402.516371
7561,399.02437
7562,572.354651
7563,329.908872
7564,350.299445
7565,444.532021
7566,326.027497
7567,469.217884
7568,420.766127
7569,218.614097
7570,388.262439
7571,224.29824
7572,480.470879
7573,295.853025
7574,599.336705
7575,298.88731
7576,347.686882
7577,353.092625
7578,441.319023
7579,435.671237
7580,415.883811
7581,252.892936
7582,246.677553
7583,329.460759
7584,300.146736
7585,285.11163
7586,527.936838
7587,355.946694
7588,248.016673
7589,291.318913
7590,295.788242
7591,324.720942
7592,321.681525
7593,450.895408
7594,474.919761
7595,440.057024
7596,463.258253
7597,373.256878
7598,343.229152
7599,287.586032
7600,468.975887
7601,325.768615
7602,409.633531
7603,290.682
7604,293.295394
7605,363.128597
7606,286.882502
7607,282.44852
7608,339.580331
7609,338.615412
7610,164.050839
7611,277.946204
7612,305.850612
7613,389.47121
7614,385.68217
7615,391.908388
7616,354.338924
7617,445.5564
7618,446.016422
7619,349.121101
7620,271.164869
7621,470.908292
7622,443.245162
7623,379.017309
7624,333.227684
7625,361.825079
7626,293.060778
7627,338.254516
7628,294.486381
7629,292.82433
7630,425.228297
7631,357.252415
7632,348.032896
7633,301.560277
7634,640.341987
7635,339.099613
7636,577.61948
7637,361.334762
7638,489.872008
7639,438.46052
7640,459.860551
7641,425.959762
7642,289.248064
7643,371.824322
7644,417.550646
7645,403.906956
7646,312.359695
7647,406.460694
7648,232.052289
7649,327.510872
7650,271.315724
7651,478.538015
7652,375.518718
7653,334.358309
7654,447.384373
7655,338.948337
7656,456.696914
7657,453.113309
7658,398.455902
7659,582.966916
7660,342.194111
7661,336.452082
7662,206.277825
7663,695.572068
7664,369.577243
7665,521.419817
7666,463.355515
7667,322.886558
7668,417.097513
7669,330.235147
7670,326.863994
7671,356.74715
7672,520.497466
7673,565.585681
7674,532.359096
7675,323.182173
7676,238.716798
7677,331.01024
7678,351.927739
7679,367.244317
7680,364.811113
7681,345.223524
7682,417.487551
7683,309.16004
7684,319.106883
7685,216.89689
7686,367.66291
7687,494.470021
7688,384.50608
7689,375.676407
7690,435.612172
7691,317.032455
7692,329.161381
7693,340.854241
7694,302.087806
7695,439.421686
7696,434.294547
7697,234.632513
7698,526.704063
7699,443.164966
7700,354.573265
7701,400.80598
7702,384.90203
7703,336.325965
7704,439.471274
7705,340.31103
7706,549.504807
7707,370.910265
7708,487.348262
7709,222.025715
7710,308.818524
7711,299.786678
7712,299.13755
7713,357.190596
7714,340.192225
7715,713.99185
7716,389.888088
7717,387.024383
7718,244.285087
7719,275.310669
7720,635.059626
7721,383.276809
7722,405.095063
7723,333.340173
7724,283.875219
7725,302.179849
7726,467.497262
7727,376.770171
7728,288.32559
7729,368.661421
7730,374.327993
7731,322.499164
7732,324.217565
7733,369.145512
7734,339.57492
7735,564.03969
7736,271.598523
7737,414.870797
7738,242.910595
7739,307.374277
7740,375.972517
7741,331.179175
7742,203.814868
7743,300.478677
7744,482.976082
7745,418.640057
7746,341.074129
7747,443.350557
7748,301.843131
7749,391.987847
7750,470.779637
7751,368.094497
7752,494.992219
7753,300.246906
7754,308.59197
7755,414.193114
7756,237.362278
7757,223.45183
7758,326.553551
7759,499.866793
7760,335.890222
7761,443.935552
7762,337.77282
7763,419.570684
7764,451.252881
7765,567.883271
7766,205.934467
7767,507.749759
7768,392.574545
7769,398.930325
7770,280.277804
7771,454.876391
7772,469.138683
7773,177.939803
7774,281.973289
7775,239.528148
7776,467.927292
7777,549.12403
7778,275.534448
7779,385.408324
7780,330.505471
7781,372.943128
7782,276.821769
7783,382.214709
7784,433.615751
7785,344.814985
7786,198.352832
7787,734.465689
7788,373.674585
7789,391.068086
7790,386.953307
7791,431.050413
7792,358.305952
7793,299.774115
7794,444.677358
7795,225.673331
7796,435.971146
7797,194.789203
7798,444.458921
7799,324.294805
7800,610.499466
7801,297.789274
7802,370.931468
7803,332.8237
7804,406.179701
7805,269.28399
7806,387.283447
7807,260.607282
7808,407.007835
7809,497.929065
7810,317.077721
7811,398.976214
7812,416.686106
7813,335.985233
7814,303.682882
7815,427.044608
7816,339.682882
7817,356.40856
7818,432.718062
7819,301.110828
7820,373.780851
7821,478.201054
7822,558.261843
7823,408.383696
7824,306.441439
7825,384.785396
7826,525.319585
7827,632.054065
7828,351.742041
7829,227.68556
7830,372.395487
7831,422.232045
7832,262.048561
7833,416.028819
7834,489.138572
7835,311.429109
7836,428.146029
7837,427.47508
7838,287.032616
7839,335.262678
7840,290.471727
7841,486.915288
7842,448.761239
7843,405.810565
7844,277.770093
7845,471.660444
7846,308.921884
7847,312.162065
7848,406.505053
7849,387.92816
7850,264.294739
7851,902.915939
7852,321.440394
7853,363.65328
7854,411.643446
7855,329.389005
7856,431.128236
7857,376.488352
7858,399.266736
7859,620.004103
7860,336.416881
7861,366.809318
7862,515.432037
7863,240.984892
7864,346.184905
7865,457.827827
7866,434.212186
7867,372.334445
7868,464.353026
7869,582.789574
7870,717.841232
7871,417.391072
7872,442.60934
7873,285.967345
7874,485.107289
7875,471.055059
7876,278.305859
7877,330.423564
7878,368.689912
7879,219.939247
7880,437.812487
7881,484.217905
7882,318.317949
7883,371.59874
7884,265.956875
7885,418.197288
7886,307.644157
7887,417.801677
7888,257.047964
7889,390.98804
7890,467.416434
7891,441.438251
7892,326.516288
7893,420.034723
7894,382.486182
7895,232.831704
7896,580.47004
7897,274.183255
7898,294.761624
7899,486.722103
7900,375.171642
7901,445.851193
7902,386.176504
7903,742.52089
7904,481.222204
7905,327.017921
7906,383.241579
7907,316.959982
7908,329.481361
7909,242.211336
7910,215.182199
7911,464.163698
7912,323.80856
7913,385.466878
7914,356.102901
7915,307.176667
7916,220.187291
7917,559.289717
7918,439.594477
7919,467.136019
7920,368.596415
7921,353.167641
7922,317.085383
7923,315.443524
7924,467.270866
7925,445.214412
7926,369.995554
7927,358.682601
7928,358.122249
7929,582.20547
7930,345.23076
7931,383.780267
7932,331.834277
7933,465.256747
7934,528.726236
7935,375.784925
7936,417.157668
7937,335.974718
7938,537.349293
7939,592.606444
7940,372.916248
7941,291.180566
7942,329.579132
7943,317.381584
7944,543.326704
7945,270.006348
7946,252.612766
7947,490.820829
7948,309.178388
7949,527.995917
7950,386.675743
7951,401.231232
7952,447.048519
7953,361.700388
7954,496.099536
7955,382.110564
7956,288.163833
7957,214.052629
7958,330.928805
7959,377.920408
7960,303.046063
7961,351.607992
7962,385.944526
7963,285.957532
7964,377.024963
7965,307.679918
7966,321.500468
7967,389.487303
7968,292.30726
7969,447.944419
7970,312.569179
7971,355.191797
7972,377.806734
7973,322.865966
7974,312.920407
7975,351.038464
7976,372.000596
7977,361.919188
7978,553.366515
7979,274.128911
7980,279.483246
7981,505.159082
7982,408.806275
7983,444.481114
7984,295.496389
7985,360.727947
7986,321.673545
7987,367.892542
7988,327.731721
7989,355.844688
7990,481.818061
7991,468.224014
7992,384.331557
7993,364.543971
7994,250.072482
7995,349.188952
7996,389.295865
7997,431.890406
7998,408.963779
7999,266.313986
8000,328.342622
8001,313.227124
8002,424.793735
8003,312.362835
8004,354.636293
8005,369.58974
8006,552.076796
8007,347.997429
8008,329.411954
8009,350.746901
8010,652.077752
8011,307.624669
8012,312.011502
8013,257.303842
8014,411.41354
8015,331.465347
8016,307.113043
8017,418.963088
8018,403.055863
8019,400.109564
8020,231.608768
8021,597.368548
8022,603.937413
8023,301.449985
8024,393.43487
8025,668.54971
8026,394.966509
8027,402.694711
8028,410.807122
8029,338.832768
8030,520.799815
8031,495.439128
8032,316.012073
8033,391.139575
8034,530.987114
8035,323.072591
8036,322.046175
8037,372.857235
8038,362.833073
8039,493.184977
8040,295.67931
8041,301.336987
8042,275.609619
8043,344.339305
8044,309.083905
8045,367.530072
8046,339.909045
8047,394.760905
8048,312.355608
8049,479.684934
8050,397.313287
8051,437.372307
8052,419.943396
8053,248.115998
8054,605.844391
8055,415.430705
8056,481.81893
8057,314.486966
8058,393.188223
8059,346.558853
8060,450.717619
8061,297.002642
8062,315.713231
8063,437.810498
8064,302.855327
8065,296.459716
8066,348.552158
8067,338.84633
8068,275.153703
8069,275.127223
8070,407.165377
8071,394.468971
8072,342.7655
8073,561.609604
8074,430.046315
8075,463.01249
8076,409.096143
8077,370.876774
8078,248.822901
8079,264.867029
8080,393.715119
8081,519.45224
8082,326.072085
8083,261.943904
8084,571.404019
8085,371.678769
8086,338.518815
8087,260.675123
8088,221.473106
8089,342.723871
8090,278.724558
8091,566.675648
8092,609.057036
8093,433.339632
8094,375.053802
8095,331.439444
8096,360.242312
8097,544.795893
8098,454.004485
8099,332.399397
8100,463.319544
8101,649.249635
8102,307.912999
8103,402.57347
8104,286.355597
8105,381.183314
8106,422.264204
8107,403.213637
8108,489.127543
8109,438.049327
8110,334.753608
8111,376.427384
8112,212.600115
8113,275.419064
8114,314.144721
8115,370.453263
8116,328.500484
8117,358.583885
8118,296.920828
8119,271.66585
8120,558.776427
8121,278.344508
8122,293.113623
8123,306.090036
8124,381.531177
8125,399.389151
8126,474.561666
8127,353.427746
8128,319.564579
8129,466.467112
8130,422.258263
8131,458.277185
8132,404.172919
8133,345.559539
8134,484.320347
8135,366.108515
8136,298.001944
8137,336.140364
8138,353.365773
8139,332.513685
8140,405.591926
8141,311.52445
8142,317.827813
8143,445.491687
8144,334.770943
8145,396.834344
8146,662.884477
8147,389.156398
8148,310.198983
8149,332.710495
8150,489.084447
8151,380.910182
8152,315.470761
8153,477.150003
8154,365.571793
8155,406.074903
8156,307.531338
8157,301.590704
8158,265.845741
8159,359.61756
8160,356.536203
8161,385.382746
8162,367.368125
8163,292.940842
8164,347.417136
8165,300.416135
8166,335.178872
8167,553.530043
8168,312.45416
8169,411.811133
8170,294.364717
8171,264.421437
8172,459.27453
8173,353.331916
8174,394.600401
8175,419.087741
8176,370.498719
8177,617.04103
8178,424.244954
8179,350.956671
8180,248.688915
8181,603.699904
8182,291.031442
8183,415.620673
8184,388.051932
8185,358.854203
8186,261.553604
8187,291.62936
8188,351.173257
8189,314.809353
8190,388.162474
8191,342.952734
8192,369.100372
8193,355.012678
8194,413.551532
8195,695.568492
8196,315.555963
8197,245.953052
8198,293.335449
8199,425.737614
8200,342.343602
8201,300.855291
8202,275.858409
8203,306.006389
8204,471.715559
8205,378.964801
8206,277.118739
8207,294.247002
8208,320.917867
8209,360.259511
8210,514.543089
8211,644.852904
8212,224.375927
8213,327.725223
8214,328.054378
8215,390.071171
8216,425.027181
8217,337.949303
8218,410.248929
8219,494.67813
8220,246.786718
8221,323.026429
8222,328.832906
8223,355.089953
8224,381.697525
8225,320.079723
8226,292.229378
8227,226.814322
8228,473.770109
8229,440.787232
8230,418.488749
8231,417.218063
8232,385.848467
8233,357.736937
8234,359.624873
8235,361.848173
8236,338.030234
8237,309.496922
8238,476.703391
8239,432.535709
8240,321.184304
8241,311.970671
8242,289.973577
8243,212.771038
8244,424.127103
8245,448.965851
8246,396.295924
8247,390.768416
8248,374.234773
8249,363.849452
8250,256.972753
8251,496.199928
8252,408.476524
8253,322.261241
8254,437.659967
8255,356.756935
8256,292.914368
8257,492.21434
8258,425.331705
8259,427.330796
8260,403.164806
8261,428.09153
8262,369.324459
8263,416.651352
8264,402.655511
8265,233.960359
8266,443.703186
8267,357.05356
8268,207.794619
8269,453.870697
8270,395.77405
8271,383.291134
8272,284.004438
8273,353.093116
8274,405.113915
8275,359.640774
8276,332.285822
8277,483.684813
8278,334.616727
8279,404.609502
8280,345.942869
8281,521.289486
8282,344.66728
8283,327.487192
8284,437.343532
8285,621.330454
8286,538.775767
8287,585.003685
8288,352.958051
8289,393.346362
8290,473.751336
8291,533.28946
8292,440.590033
8293,494.776093
8294,448.937137
8295,442.16621
8296,439.719965
8297,303.72943
8298,316.009486
8299,547.88914
8300,388.453731
8301,426.484139
8302,348.947082
8303,329.016646
8304,273.983517
8305,360.404574
8306,326.735362
8307,307.143345
8308,415.726339
8309,332.274883
8310,360.641718
8311,386.17056
8312,338.437453
8313,369.334268
8314,418.310805
8315,333.177506
8316,521.455597
8317,392.582952
8318,287.464535
8319,450.483337
8320,593.416485
8321,418.831974
8322,297.807956
8323,356.574031
8324,672.094335
8325,405.562987
8326,333.117713
8327,366.540842
8328,364.677073
8329,418.360998
8330,287.559546
8331,365.533969
8332,436.233794
8333,477.348753
8334,354.686587
8335,315.852293
8336,573.538737
8337,351.689927
8338,475.697327
8339,363.348197
8340,300.711412
8341,341.321771
8342,362.469359
8343,348.982294
8344,342.239355
8345,297.486266
8346,467.449898
8347,559.376124
8348,328.503275
8349,298.240337
8350,472.850204
8351,492.418291
8352,325.041499
8353,435.532369
8354,406.773673
8355,370.739948
8356,259.83253
8357,420.197681
8358,395.739688
8359,315.104705
8360,333.653014
8361,399.613249
8362,307.348775
8363,399.473124
8364,421.811363
8365,313.23227
8366,561.597734
8367,360.583888
8368,331.173952
8369,412.107647
8370,383.404337
8371,347.699138
8372,290.259534
8373,318.547642
8374,452.691742
8375,406.013969
8376,430.813061
8377,292.419755
8378,306.137126
8379,457.344538
8380,320.325783
8381,792.514804
8382,421.784248
8383,321.106572
8384,381.568484
8385,462.17622
8386,468.28076
8387,288.208335
8388,336.542552
8389,379.498126
8390,429.490337
8391,292.479963
8392,397.217329
8393,354.287227
8394,380.48076
8395,285.27471
8396,347.368308
8397,313.678404
8398,332.81355
8399,497.919557
8400,428.659544
8401,270.031897
8402,318.133573
8403,250.321931
8404,383.635374
8405,214.792024
8406,233.881291
8407,335.06669
8408,357.420566
8409,389.309082
8410,335.85005
8411,246.130913
8412,345.988536
8413,372.507344
8414,481.660322
8415,419.406154
8416,383.619483
8417,384.212281
8418,321.178712
8419,737.566283
8420,313.206837
8421,394.275928
8422,396.555854
8423,472.560784
8424,253.897506
8425,308.327384
8426,334.377278
8427,495.142826
8428,360.178964
8429,460.269829
8430,348.186337
8431,339.134913
8432,422.343002
8433,349.986427
8434,393.852745
8435,466.642926
8436,357.621548
8437,420.584788
8438,404.618995
8439,451.158348
8440,326.676905
8441,343.474301
8442,286.314276
8443,405.597055
8444,449.067547
8445,405.698431
8446,362.23953
8447,358.20153
8448,364.216245
8449,343.094392
8450,319.608318
8451,337.212933
8452,424.685803
8453,394.738589
8454,353.968023
8455,389.867368
8456,652.116377
8457,304.457551
8458,323.492497
8459,276.422423
8460,343.528162
8461,381.502469
8462,303.459435
8463,335.90873
8464,502.067557
8465,406.212486
8466,283.004413
8467,267.576198
8468,273.331029
8469,419.139168
8470,272.048451
8471,281.987068
8472,479.85477
8473,319.016152
8474,399.111333
8475,227.498344
8476,250.746921
8477,643.198773
8478,206.83728
8479,352.396472
8480,383.995543
8481,363.142431
8482,307.771999
8483,587.100445
8484,366.962494
8485,453.220227
8486,380.410139
8487,330.632682
8488,403.195286
8489,360.527787
8490,234.713101
8491,307.663768
8492,441.128646
8493,381.020063
8494,365.242475
8495,509.033297
8496,374.25967
8497,381.822732
8498,339.449711
8499,345.860534
8500,363.277466
8501,403.301374
8502,366.042776
8503,829.968455
8504,270.181261
8505,492.744834
8506,595.025538
8507,389.558618
8508,395.652254
8509,680.198042
8510,381.506999
8511,362.716323
8512,381.947528
8513,322.97441
8514,432.194445
8515,232.866653
8516,437.975893
8517,274.680475
8518,215.573372
8519,442.272106
8520,331.502005
8521,305.350476
8522,455.728676
8523,370.024366
8524,593.772498
8525,336.748105
8526,370.216034
8527,203.96704
8528,278.038219
8529,383.711846
8530,343.730464
8531,261.258669
8532,333.145349
8533,355.628069
8534,450.167012
8535,437.781964
8536,326.689444
8537,300.043409
8538,226.24011
8539,531.008884
8540,288.059461
8541,423.550447
8542,391.470249
8543,370.525709
8544,378.13491
8545,370.240659
8546,384.687602
8547,335.865739
8548,298.012828
8549,309.567346
8550,299.247825
8551,284.334502
8552,298.533302
8553,487.524768
8554,515.893805
8555,443.072606
8556,459.926897
8557,353.620016
8558,292.312793
8559,675.338654
8560,354.735713
8561,386.096665
8562,540.992934
8563,462.533927
8564,552.536727
8565,390.000616
8566,659.058695
8567,340.379398
8568,287.433188
8569,438.932583
8570,258.389281
8571,537.291611
8572,394.06912
8573,515.885437
8574,596.46369
8575,333.42238
8576,320.560035
8577,739.352832
8578,321.477465
8579,603.70951
8580,606.279254
8581,463.786256
8582,385.814556
8583,211.780066
8584,334.215535
8585,432.168281
8586,214.84768
8587,514.594184
8588,342.244971
8589,347.53918
8590,544.913938
8591,278.133975
8592,341.969303
8593,313.177478
8594,486.616894
8595,411.685825
8596,534.715428
8597,349.532853
8598,489.790517
8599,372.474922
8600,207.023419
8601,403.214093
8602,428.105062
8603,366.043346
8604,406.86861
8605,304.710965
8606,277.353835
8607,195.351029
8608,386.712237
8609,365.835173
8610,316.294703
8611,392.466529
8612,262.971787
8613,448.579543
8614,530.097172
8615,366.56477
8616,413.496214
8617,361.979967
8618,332.033574
8619,377.498363
8620,644.95853
8621,360.642766
8622,404.660017
8623,341.928375
8624,367.96549
8625,346.204128
8626,310.736974
8627,412.773875
8628,481.402406
8629,295.472453
8630,339.519364
8631,378.714795
8632,297.884438
8633,312.114276
8634,421.795081
8635,400.501991
8636,267.7092
8637,361.065122
8638,233.078534
8639,330.238666
8640,395.798988
8641,360.592759
8642,468.028065
8643,332.249093
8644,391.178917
8645,403.557057
8646,317.055182
8647,301.42465
8648,387.276104
8649,270.069366
8650,349.109075
8651,429.878204
8652,446.649541
8653,356.283721
8654,374.673172
8655,424.660631
8656,370.090214
8657,439.074742
8658,310.221912
8659,555.160033
8660,381.686789
8661,363.344098
8662,244.994686
8663,376.446954
8664,300.339802
8665,413.224403
8666,445.112852
8667,344.682478
8668,344.608345
8669,556.246342
8670,286.602796
8671,336.024856
8672,367.731439
8673,315.195705
8674,375.497127
8675,354.433588
8676,442.190464
8677,336.130531
8678,363.356015
8679,495.935629
8680,397.008274
8681,347.476779
8682,450.2899
8683,394.150974
8684,340.359297
8685,224.769236
8686,295.404752
8687,455.208254
8688,459.105985
8689,373.043567
8690,462.884576
8691,525.375886
8692,377.166624
8693,362.412712
8694,499.143045
8695,355.390401
8696,483.735988
8697,283.029727
8698,424.982495
8699,377.818136
8700,499.351877
8701,378.007894
8702,402.641583
8703,398.62715
8704,395.78362
8705,377.331437
8706,351.939491
8707,320.76708
8708,235.509696
8709,390.046145
8710,323.579168
8711,528.689343
8712,425.423996
8713,305.382967
8714,424.950201
8715,279.614032
8716,457.347008
8717,397.232023
8718,302.100111
8719,303.941759
8720,406.741859
8721,282.309406
8722,254.354381
8723,433.494918
8724,424.777975
8725,547.574889
8726,427.729885
8727,443.162518
8728,339.069092
8729,352.018848
8730,334.483542
8731,342.911334
8732,430.697589
8733,405.107526
8734,477.092032
8735,460.050225
8736,274.401467
8737,292.363135
8738,377.774449
8739,317.382259
8740,574.099998
8741,460.719595
8742,315.07997
8743,317.913404
8744,519.255825
8745,349.333126
8746,277.48569
8747,557.614773
8748,303.315783
8749,635.238146
8750,494.160896
8751,335.406793
8752,313.958333
8753,335.623025
8754,427.949894
8755,368.317088
8756,347.246807
8757,580.6464
8758,333.182824
8759,284.657403
8760,307.925345
8761,295.85831
8762,321.112941
8763,339.397891
8764,539.861521
8765,361.661742
8766,354.296676
8767,279.999018
8768,333.709422
8769,444.116965
8770,376.181038
8771,410.081429
8772,211.934635
8773,572.425138
8774,317.29225
8775,349.246943
8776,329.535756
8777,500.824873
8778,430.947852
8779,295.082404
8780,550.027451
8781,385.701114
8782,377.732095
8783,364.762685
8784,387.06526
8785,360.937402
8786,372.817144
8787,546.469975
8788,641.941693
8789,357.068719
8790,465.278248
8791,276.509494
8792,658.066255
8793,375.439521
8794,399.902113
8795,613.71856
8796,369.652909
8797,385.52981
8798,281.473102
8799,445.486636
8800,477.892478
8801,416.889643
8802,442.830256
8803,504.608936
8804,266.001751
8805,415.561663
8806,369.976939
8807,417.530225
8808,350.271803
8809,493.354545
8810,422.322908
8811,271.308575
8812,242.285043
8813,265.288448
8814,433.666851
8815,566.214141
8816,465.977678
8817,336.98552
8818,579.544111
8819,472.650207
8820,371.231686
8821,342.058789
8822,362.292168
8823,432.51647
8824,678.940004
8825,435.285544
8826,423.346452
8827,335.775647
8828,340.040618
8829,575.8761
8830,429.9209
8831,339.592798
8832,387.354143
8833,266.632657
8834,450.781948
8835,455.674821
8836,298.104524
8837,369.636872
8838,297.657387
8839,267.686242
8840,330.407276
8841,392.435199
8842,433.691316
8843,425.75063
8844,392.973764
8845,398.825511
8846,460.16157
8847,460.850188
8848,643.877079
8849,617.744426
8850,396.41014
8851,317.115783
8852,404.999558
8853,482.730746
8854,357.707482
8855,489.726645
8856,380.306377
8857,284.356769
8858,436.00196
8859,415.514756
8860,217.088343
8861,295.556218
8862,366.60152
8863,323.782552
8864,503.042164
8865,498.847439
8866,377.143228
8867,329.661297
8868,323.511485
8869,429.41442
8870,388.687682
8871,357.831784
8872,286.371229
8873,279.517201
8874,264.140647
8875,448.726574
8876,420.137224
8877,467.42511
8878,444.717008
8879,498.542155
8880,435.432267
8881,463.697102
8882,577.81362
8883,387.276518
8884,419.304256
8885,216.395116
8886,372.143681
8887,401.251356
8888,730.506649
8889,371.595416
8890,369.011445
8891,797.353237
8892,262.414875
8893,552.001853
8894,512.322769
8895,574.743424
8896,440.964048
8897,663.119901
8898,396.541789
8899,325.479037
8900,369.82875
8901,416.014033
8902,341.548858
8903,243.629689
8904,364.254469
8905,455.806108
8906,417.257247
8907,390.455813
8908,272.466751
8909,339.614307
8910,418.073777
8911,441.337984
8912,295.451626
8913,506.391423
8914,384.409636
8915,460.332037
8916,368.243983
8917,364.901662
8918,403.795938
8919,368.672371
8920,434.523505
8921,403.292312
8922,251.791656
8923,422.386824
8924,398.100685
8925,260.460829
8926,378.061712
8927,563.737647
8928,339.414004
8929,343.197168
8930,546.455808
8931,478.755321
8932,249.097881
8933,413.487401
8934,216.37164
8935,425.184762
8936,535.529658
8937,342.696659
8938,399.68806
8939,286.530077
8940,437.175342
8941,510.195627
8942,375.484672
8943,402.308543
8944,447.184139
8945,401.194685
8946,410.037744
8947,409.772941
8948,319.42499
8949,293.244493
8950,326.123762
8951,437.420551
8952,434.999917
8953,348.790939
8954,457.135031
8955,363.76088
8956,461.46171
8957,247.791401
8958,329.740968
8959,488.608679
8960,298.552352
8961,260.030079
8962,581.359052
8963,479.026641
8964,273.646556
8965,314.163062
8966,424.914126
8967,345.213922
8968,420.050652
8969,289.208164
8970,409.066211
8971,514.202171
8972,329.542648
8973,329.983419
8974,423.02364
8975,387.442462
8976,402.293589
8977,256.296824
8978,331.695903
8979,286.33373
8980,398.541641
8981,414.405935
8982,490.218967
8983,414.694234
8984,492.022606
8985,410.539537
8986,487.793484
8987,327.519828
8988,350.823042
8989,275.86329
8990,390.58769
8991,290.428123
8992,245.773914
8993,457.283106
8994,407.849078
8995,412.998001
8996,352.868891
8997,525.726818
8998,409.020728
8999,670.549563
9000,303.110515
9001,461.476464
9002,365.724448
9003,303.087137
9004,536.078375
9005,476.565672
9006,344.396762
9007,352.837504
9008,520.868702
9009,430.326637
9010,449.278313
9011,334.202543
9012,465.822517
9013,293.982008
9014,423.554056
9015,317.305384
9016,434.197115
9017,395.440428
9018,372.022268
9019,190.908687
9020,461.826309
9021,412.094888
9022,319.956559
9023,367.526328
9024,340.461347
9025,370.97593
9026,495.006147
9027,414.888512
9028,409.627213
9029,318.81619
9030,405.798472
9031,359.053339
9032,427.670132
9033,345.294265
9034,319.457672
9035,368.716401
9036,376.806927
9037,454.224117
9038,521.137853
9039,399.536961
9040,433.232893
9041,309.899794
9042,351.290274
9043,589.531456
9044,489.881535
9045,299.956781
9046,308.745972
9047,334.871564
9048,337.390408
9049,375.04985
9050,381.536867
9051,489.438006
9052,224.047638
9053,233.011215
9054,364.382217
9055,525.549554
9056,356.934913
9057,458.996779
9058,447.487328
9059,456.187331
9060,518.582693
9061,315.137854
9062,452.691671
9063,455.927763
9064,652.06972
9065,402.903519
9066,435.832558
9067,310.66242
9068,385.670249
9069,359.753876
9070,335.842546
9071,309.960912
9072,197.634243
9073,354.750005
9074,296.071965
9075,309.045753
9076,359.801362
9077,241.259248
9078,368.756283
9079,345.904025
9080,426.246434
9081,465.326867
9082,327.65608
9083,354.019624
9084,290.173751
9085,447.452158
9086,477.181241
9087,330.993018
9088,310.898377
9089,316.640182
9090,450.120124
9091,271.897229
9092,318.607195
9093,330.036624
9094,227.308478
9095,345.028097
9096,466.604632
9097,317.922868
9098,399.21397
9099,564.253054
9100,453.378913
9101,387.503648
9102,332.480136
9103,591.034608
9104,617.939627
9105,366.282042
9106,351.825096
9107,345.40437
9108,268.800939
9109,300.798557
9110,385.445606
9111,426.421162
9112,312.326771
9113,304.968626
9114,403.14528
9115,733.44651
9116,376.964549
9117,293.303627
9118,336.841507
9119,561.393603
9120,562.279371
9121,581.341584
9122,332.02817
9123,423.224612
9124,421.233676
9125,398.403858
9126,331.917004
9127,422.233894
9128,374.560187
9129,431.306838
9130,414.443926
9131,322.43237
9132,262.862601
9133,272.940344
9134,333.030069
9135,354.024332
9136,442.841837
9137,627.968959
9138,278.676689
9139,391.38316
9140,320.927598
9141,349.697717
9142,302.967437
9143,222.286331
9144,345.577744
9145,580.238097
9146,406.578327
9147,408.872813
9148,279.71693
9149,253.647761
9150,453.97466
9151,326.838453
9152,370.763244
9153,452.715418
9154,381.9112
9155,344.832673
9156,333.088383
9157,526.74234
9158,302.11586
9159,386.209477
9160,289.054204
9161,342.223684
9162,430.562467
9163,340.625138
9164,403.057537
9165,312.45199
9166,783.331049
9167,527.185796
9168,557.870969
9169,306.837336
9170,319.01391
9171,377.483236
9172,528.869724
9173,579.615904
9174,376.338456
9175,350.661245
9176,238.120662
9177,452.99519
9178,319.846515
9179,482.147337
9180,441.00238
9181,292.74086
9182,548.034261
9183,377.628299
9184,274.987303
9185,368.091261
9186,424.906239
9187,517.599219
9188,383.265377
9189,408.371136
9190,404.966891
9191,406.373091
9192,536.335429
9193,545.272512
9194,668.493612
9195,468.085093
9196,382.267786
9197,212.629198
9198,304.325642
9199,396.80055
9200,278.808277
9201,379.979814
9202,268.981032
9203,427.986369
9204,305.713904
9205,507.023063
9206,371.41248
9207,487.416125
9208,377.19702
9209,438.274483
9210,355.760284
9211,231.561432
9212,360.513336
9213,351.491679
9214,752.365489
9215,261.361614
9216,362.300761
9217,430.849747
9218,394.531908
9219,521.203504
9220,454.506129
9221,292.839827
9222,529.158704
9223,439.236554
9224,419.215021
9225,373.724906
9226,469.847045
9227,478.616312
9228,414.589632
9229,495.278999
9230,459.025117
9231,384.718426
9232,247.68687
9233,341.272874
9234,361.846312
9235,392.902151
9236,514.790801
9237,651.478394
9238,304.180405
9239,474.753973
9240,279.878044
9241,413.887081
9242,364.662856
9243,653.637863
9244,266.698294
9245,308.138443
9246,584.120215
9247,520.316101
9248,380.128622
9249,411.978993
9250,393.917515
9251,263.055238
9252,522.149872
9253,327.221666
9254,292.486039
9255,272.935864
9256,230.973721
9257,336.0542
9258,287.229383
9259,367.37333
9260,283.560152
9261,312.578115
9262,372.344611
9263,549.729489
9264,560.047164
9265,462.441749
9266,288.14979
9267,625.868914
9268,371.311332
9269,320.064634
9270,507.458353
9271,511.178183
9272,319.562933
9273,395.390307
9274,397.940491
9275,360.368404
9276,355.842745
9277,363.75787
9278,322.83729
9279,528.194294
9280,386.986208
9281,468.967449
9282,197.888265
9283,273.498934
9284,602.685346
9285,334.040985
9286,237.818815
9287,307.479763
9288,417.763534
9289,433.438827
9290,407.27419
9291,494.693482
9292,364.19332
9293,487.584346
9294,344.486805
9295,418.148848
9296,597.369966
9297,531.591872
9298,414.137002
9299,606.587274
9300,271.482869
9301,399.8757
9302,370.380466
9303,434.423046
9304,374.413458
9305,342.700273
9306,360.256387
9307,428.364449
9308,367.170681
9309,339.347534
9310,309.449878
9311,301.540353
9312,441.217497
9313,378.387485
9314,395.916562
9315,377.632922
9316,378.633124
9317,514.871429
9318,553.701267
9319,421.239063
9320,426.796279
9321,298.418375
9322,432.199548
9323,661.620663
9324,283.849401
9325,238.836859
9326,350.686601
9327,372.63096
9328,351.000775
9329,186.195479
9330,362.251924
9331,420.572289
9332,387.52005
9333,357.686895
9334,378.098588
9335,526.938907
9336,437.744807
9337,384.723616
9338,556.983274
9339,243.564664
9340,367.03907
9341,347.141044
9342,312.525326
9343,542.753781
9344,653.578371
9345,337.429824
9346,375.901182
9347,387.53479
9348,278.093877
9349,334.039534
9350,447.755792
9351,413.842571
9352,213.492324
9353,396.190043
9354,541.460076
9355,578.78705
9356,373.541357
9357,402.396456
9358,514.907903
9359,877.72121
9360,416.183166
9361,419.477491
9362,359.201842
9363,551.600208
9364,578.400603
9365,307.044791
9366,388.031483
9367,216.676255
9368,217.865315
9369,267.770602
9370,367.10968
9371,269.275427
9372,373.105872
9373,543.187951
9374,507.560348
9375,289.930363
9376,252.487791
9377,329.035335
9378,284.533548
9379,666.511992
9380,420.531392
9381,206.214185
9382,211.754708
9383,412.681442
9384,387.031613
9385,341.636503
9386,279.681382
9387,374.081603
9388,302.157328
9389,570.445082
9390,550.884293
9391,375.355911
9392,430.190871
9393,439.112861
9394,232.700614
9395,411.175578
9396,311.746229
9397,396.055667
9398,351.278591
9399,184.541643
9400,361.645034
9401,444.424491
9402,285.564048
9403,373.294028
9404,253.477068
9405,506.584217
9406,389.620262
9407,429.138885
9408,594.388797
9409,329.092265
9410,295.325803
9411,377.698348
9412,347.994021
9413,513.917063
9414,324.954568
9415,371.275558
9416,437.308892
9417,383.53024
9418,432.299022
9419,385.297818
9420,404.032669
9421,358.099228
9422,330.224018
9423,356.906848
9424,405.963599
9425,321.985803
9426,405.635212
9427,505.94142
9428,206.880616
9429,369.710653
9430,573.120554
9431,339.847194
9432,593.637979
9433,330.407797
9434,471.737518
9435,408.856896
9436,411.087278
9437,463.444232
9438,308.944527
9439,484.315969
9440,312.625579
9441,376.664988
9442,619.222333
9443,353.497066
9444,313.551429
9445,331.326482
9446,426.197366
9447,404.259613
9448,498.030702
9449,364.166236
9450,530.149062
9451,261.278474
9452,438.560735
9453,432.856734
9454,375.587844
9455,321.678344
9456,254.966626
9457,250.46056
9458,386.697429
9459,298.032096
9460,260.702734
9461,614.211955
9462,382.749067
9463,286.510283
9464,319.428361
9465,312.855412
9466,433.402874
9467,255.336859
9468,442.578811
9469,738.769248
9470,479.991319
9471,524.528687
9472,440.626176
9473,331.545842
9474,244.036266
9475,272.126068
9476,273.638736
9477,301.040661
9478,507.689321
9479,443.766624
9480,334.211477
9481,393.428563
9482,347.276827
9483,356.692643
9484,282.942365
9485,201.152153
9486,359.119656
9487,262.371651
9488,621.99053
9489,336.9038
9490,266.659102
9491,340.991239
9492,445.292936
9493,388.205681
9494,355.938011
9495,404.447009
9496,459.16805
9497,290.038403
9498,307.738434
9499,198.573932
9500,282.662566
9501,519.071929
9502,267.061877
9503,291.401444
9504,287.256351
9505,387.668625
9506,293.099188
9507,307.970877
9508,350.926926
9509,307.763737
9510,421.925592
9511,310.70542
9512,351.410981
9513,437.206987
9514,400.361896
9515,463.270021
9516,346.964845
9517,320.359452
9518,330.291447
9519,223.280157
9520,325.597619
9521,434.704143
9522,380.224538
9523,260.051884
9524,248.51014
9525,417.629319
9526,278.900721
9527,350.798545
9528,310.647705
9529,638.838202
9530,507.715723
9531,449.824378
9532,368.321054
9533,213.205706
9534,275.474174
9535,341.90053
9536,278.446428
9537,327.491357
9538,479.951063
9539,419.919228
9540,436.756108
9541,441.469051
9542,558.192778
9543,320.097715
9544,737.902037
9545,387.115187
9546,348.355044
9547,269.477627
9548,396.403801
9549,234.600159
9550,387.263058
9551,434.785449
9552,579.039331
9553,292.659286
9554,374.535606
9555,395.43945
9556,337.515965
9557,700.221215
9558,327.640331
9559,378.695404
9560,433.432411
9561,427.444358
9562,625.221287
9563,244.401517
9564,538.855542
9565,340.193175
9566,418.523448
9567,310.106286
9568,292.215246
9569,296.842161
9570,471.607581
9571,265.008326
9572,539.667962
9573,436.364646
9574,384.554368
9575,394.689321
9576,317.868726
9577,477.120368
9578,461.742689
9579,447.016853
9580,464.496126
9581,402.807846
9582,283.598644
9583,431.800414
9584,265.802389
9585,232.059335
9586,339.119801
9587,266.310193
9588,340.461771
9589,409.343517
9590,264.805593
9591,281.116033
9592,324.425816
9593,399.629561
9594,413.71237
9595,292.977011
9596,359.997526
9597,349.683496
9598,436.933045
9599,248.885872
9600,499.056902
9601,487.241635
9602,331.615875
9603,332.300223
9604,415.258988
9605,394.950657
9606,379.435802
9607,293.922953
9608,338.611828
9609,230.176559
9610,406.285681
9611,323.615825
9612,232.887196
9613,182.558403
9614,468.074073
9615,341.671007
9616,361.787809
9617,612.60818
9618,655.741809
9619,375.017861
9620,734.321545
9621,336.164863
9622,654.249372
9623,375.205926
9624,408.218419
9625,219.465383
9626,317.728606
9627,399.212504
9628,366.999409
9629,516.808363
9630,395.160128
9631,299.546564
9632,530.435982
9633,276.578856
9634,430.84398
9635,417.135754
9636,170.199492
9637,345.149578
9638,323.398489
9639,298.97232
9640,321.020824
9641,250.094676
9642,449.865664
9643,338.251559
9644,374.337
9645,277.002885
9646,334.023716
9647,305.220654
9648,387.897396
9649,254.324443
9650,333.414336
9651,324.662633
9652,294.146791
9653,469.632563
9654,257.213807
9655,278.744272
9656,356.929102
9657,352.357789
9658,357.946708
9659,487.66029
9660,343.466841
9661,354.942441
9662,289.480388
9663,410.737467
9664,560.286161
9665,341.385236
9666,343.673572
9667,416.12855
9668,319.597323
9669,330.143778
9670,321.060613
9671,267.031115
9672,297.983501
9673,333.254233
9674,488.124671
9675,368.176019
9676,250.052203
9677,361.621145
9678,240.101603
9679,378.602915
9680,660.385697
9681,590.754292
9682,349.235643
9683,401.940712
9684,274.218556
9685,318.463956
9686,365.181658
9687,307.032943
9688,588.215112
9689,410.819608
9690,564.689021
9691,247.304814
9692,321.571017
9693,223.681582
9694,269.661806
9695,247.61549
9696,377.249076
9697,271.363276
9698,334.883484
9699,341.795853
9700,251.218879
9701,376.859926
9702,563.858824
9703,487.211546
9704,435.507667
9705,510.177473
9706,563.502521
9707,356.109809
9708,367.493725
9709,307.876563
9710,193.863917
9711,354.308117
9712,375.757452
9713,335.153833
9714,303.546654
9715,595.484108
9716,401.308652
9717,316.360924
9718,336.890497
9719,834.984611
9720,336.442316
9721,470.64409
9722,541.277601
9723,310.008864
9724,486.936164
9725,355.875642
9726,413.989099
9727,384.637956
9728,266.205033
9729,247.444076
9730,356.519314
9731,440.670978
9732,334.126906
9733,375.559312
9734,404.271289
9735,745.530183
9736,392.234949
9737,273.835598
9738,349.168714
9739,332.696192
9740,438.520944
9741,558.780054
9742,400.415966
9743,281.466203
9744,359.688486
9745,382.765598
9746,330.483729
9747,433.846017
9748,394.391356
9749,392.855206
9750,319.372861
9751,378.763188
9752,349.405973
9753,455.437207
9754,391.605584
9755,379.793138
9756,398.613131
9757,309.06898
9758,408.875142
9759,339.414557
9760,248.747845
9761,625.967739
9762,564.180955
9763,474.266137
9764,645.623722
9765,402.56638
9766,587.407443
9767,396.141217
9768,335.895469
9769,405.859417
9770,339.918945
9771,514.073878
9772,437.18619
9773,429.879923
9774,390.745948
9775,680.872024
9776,542.401175
9777,408.658001
9778,340.453743
9779,390.069067
9780,868.297919
9781,333.588726
9782,388.284875
9783,395.540365
9784,311.642613
9785,367.674012
9786,383.959025
9787,302.605166
9788,413.562918
9789,659.072809
9790,304.186407
9791,399.426519
9792,414.625027
9793,315.936149
9794,360.743548
9795,361.281141
9796,422.690702
9797,413.829216
9798,288.530715
9799,381.380924
9800,596.445213
9801,555.659262
9802,295.471911
9803,498.233662
9804,335.840665
9805,386.233702
9806,582.023371
9807,494.944055
9808,215.424296
9809,598.903302
9810,290.202895
9811,486.826163
9812,342.472492
9813,353.921339
9814,355.741587
9815,300.738462
9816,584.891693
9817,382.545894
9818,538.08119
9819,464.184785
9820,424.913165
9821,431.930806
9822,277.602894
9823,344.01221
9824,267.583619
9825,418.728949
9826,351.602891
9827,382.976668
9828,558.964781
9829,487.223138
9830,306.124218
9831,391.944084
9832,313.181977
9833,337.575017
9834,332.026151
9835,388.076903
9836,476.779
9837,512.634211
9838,591.200392
9839,457.3829
9840,314.507015
9841,470.403085
9842,379.967511
9843,554.142694
9844,526.737122
9845,338.721327
9846,389.219646
9847,533.265953
9848,307.284711
9849,350.545823
9850,443.707778
9851,444.010353
9852,241.155261
9853,549.008668
9854,303.594165
9855,432.712492
9856,320.356266
9857,259.496308
9858,408.4425
9859,271.010774
9860,302.025746
9861,448.101328
9862,277.857819
9863,359.73809
9864,515.080673
9865,356.156974
9866,255.87479
9867,591.845453
9868,355.713437
9869,381.611411
9870,244.377964
9871,303.864935
9872,373.697433
9873,342.158626
9874,345.207296
9875,439.85078
9876,444.009035
9877,454.865771
9878,324.902913
9879,431.344867
9880,326.917526
9881,257.529786
9882,417.61202
9883,207.18576
9884,272.857804
9885,294.871346
9886,487.487859
9887,286.758869
9888,324.605864
9889,457.558335
9890,584.237843
9891,658.356226
9892,288.770743
9893,313.479353
9894,395.313156
9895,249.634703
9896,366.139902
9897,462.464812
9898,340.07337
9899,369.014967
9900,287.227418
9901,304.39576
9902,290.282529
9903,344.343872
9904,379.142052
9905,270.527425
9906,251.985731
9907,336.652806
9908,393.950538
9909,435.233039
9910,356.288041
9911,363.261615
9912,458.820362
9913,399.342894
9914,475.794946
9915,373.512022
9916,292.959092
9917,257.490546
9918,372.387751
9919,324.615035
9920,219.932542
9921,443.237699
9922,473.354161
9923,260.980873
9924,251.921867
9925,287.988783
9926,398.912619
9927,339.129927
9928,333.970596
9929,546.278089
9930,384.059798
9931,289.913802
9932,348.502398
9933,724.563309
9934,353.763695
9935,281.626801
9936,488.756903
9937,333.778801
9938,434.295209
9939,430.498581
9940,348.58238
9941,439.041119
9942,588.807038
9943,225.700095
9944,551.775689
9945,658.09613
9946,358.041317
9947,283.125527
9948,284.300032
9949,419.204531
9950,452.4474
9951,261.807976
9952,572.784619
9953,439.284603
9954,336.638955
9955,414.575226
9956,565.303059
9957,471.395733
9958,346.998041
9959,445.040804
9960,355.345924
9961,353.512969
9962,522.237669
9963,366.201464
9964,423.452774
9965,332.583696
9966,388.449999
9967,258.546666
9968,416.91003
9969,245.988562
9970,369.160655
9971,378.874352
9972,587.584763
9973,350.811167
9974,278.570404
9975,432.136164
9976,426.288153
9977,371.14396
9978,419.931352
9979,398.532596
9980,532.424822
9981,530.364337
9982,363.587475
9983,445.671995
9984,359.928865
9985,324.927938
9986,547.171897
9987,192.378019
9988,335.658763
9989,333.314886
9990,310.794561
9991,579.980769
9992,390.503787
9993,248.080931
9994,270.780897
9995,324.264097
9996,377.27446
9997,427.144185
9998,466.212378
9999,420.977203
10000,371.501809
10001,381.214611
10002,292.404115
10003,291.29504
10004,257.431249
10005,610.392979
10006,341.707341
10007,454.534381
10008,456.431116
10009,313.758582
10010,476.91438
10011,431.160293
10012,321.301209
10013,365.265179
10014,276.666544
10015,423.061504
10016,360.843591
10017,409.105804
10018,329.711432
10019,308.34072
10020,441.301018
10021,339.888224
10022,567.470387
10023,479.585713
10024,365.944697
10025,443.237162
10026,741.613933
10027,367.28518
10028,488.734341
10029,404.296196
10030,453.45497
10031,530.265998
10032,497.497378
10033,388.346553
10034,328.396311
10035,292.705958
10036,395.758279
10037,267.478102
10038,367.934625
10039,474.294236
10040,295.065988
10041,641.338967
10042,329.344736
10043,357.891447
10044,226.862943
10045,432.933353
10046,244.201653
10047,321.078268
10048,483.992367
10049,294.905015
10050,340.7587
10051,252.158674
10052,566.77652
10053,340.316768
10054,256.291314
10055,402.956775
10056,297.793031
10057,313.957024
10058,446.799929
10059,352.970603
10060,322.322863
10061,638.53914
10062,347.004973
10063,639.421778
10064,469.309494
10065,325.895751
10066,330.054147
10067,392.445131
10068,456.463893
10069,757.418724
10070,463.406564
10071,373.113732
10072,428.895224
10073,394.332894
10074,576.955727
10075,402.504918
10076,597.776644
10077,298.667515
10078,294.825667
10079,495.752495
10080,339.445163
10081,373.460558
10082,322.991195
10083,416.042054
10084,407.842115
10085,314.305608
10086,362.379799
10087,378.620981
10088,356.545664
10089,371.198061
10090,313.651071
10091,448.344281
10092,346.764043
10093,258.559141
10094,329.912839
10095,343.77221
10096,305.199119
10097,311.470365
10098,234.936937
10099,496.368185
10100,291.858954
10101,426.450473
10102,335.293207
10103,456.633126
10104,656.924525
10105,335.588003
10106,268.360464
10107,366.965716
10108,721.437443
10109,475.478584
10110,381.91315
10111,359.225073
10112,351.050405
10113,378.854232
10114,333.334989
10115,400.068787
10116,357.036705
10117,675.487898
10118,410.464416
10119,374.652444
10120,523.682491
10121,380.29568
10122,643.880015
10123,743.887454
10124,241.259837
10125,342.112968
10126,426.226227
10127,824.703049
10128,814.844282
10129,506.246757
10130,326.746999
10131,348.31943
10132,316.254924
10133,285.904344
10134,280.358075
10135,537.295638
10136,334.52869
10137,377.164462
10138,713.578164
10139,394.537894
10140,309.885859
10141,413.239788
10142,475.450725
10143,337.759301
10144,383.17104
10145,369.691123
10146,341.132778
10147,341.320135
10148,350.244398
10149,368.644653
10150,504.001356
10151,464.679
10152,307.800986
10153,320.88118
10154,331.05984
10155,335.010295
10156,880.994944
10157,563.590251
10158,339.733908
10159,344.529097
10160,333.990011
10161,541.17417
10162,618.354816
10163,523.090163
10164,316.776769
10165,439.613532
10166,305.919548
10167,286.095392
10168,362.237191
10169,425.601443
10170,351.89453
10171,389.053816
10172,410.60733
10173,472.488111
10174,348.372408
10175,340.158285
10176,530.297421
10177,352.673257
10178,248.373397
10179,366.263738
10180,382.213993
10181,506.282788
10182,272.375506
10183,295.162629
10184,369.844763
10185,335.433522
10186,504.08009
10187,346.608488
10188,361.681263
10189,397.057431
10190,515.70001
10191,304.134828
10192,363.65771
10193,439.481576
10194,360.484788
10195,463.570759
10196,243.698082
10197,415.872703
10198,478.250774
10199,298.469491
10200,230.861074
10201,363.858425
10202,321.959053
10203,578.669642
10204,317.693923
10205,354.47987
10206,411.105872
10207,392.97768
10208,319.880252
10209,562.828731
10210,349.912643
10211,380.414123
10212,496.42896
10213,356.957768
10214,352.240943
10215,451.543826
10216,387.394785
10217,424.623637
10218,414.164929
10219,516.162563
10220,438.136792
10221,388.744208
10222,465.411988
10223,416.984068
10224,310.221992
10225,371.709565
10226,403.689627
10227,405.575929
10228,272.734914
10229,549.125838
10230,431.317403
10231,455.350655
10232,374.533135
10233,321.86697
10234,315.236221
10235,333.909961
10236,401.715141
10237,341.667274
10238,569.552397
10239,533.523848
10240,441.559086
10241,382.265551
10242,522.188378
10243,221.188101
10244,307.152322
10245,275.407012
10246,349.803965
10247,445.931093
10248,329.200812
10249,312.743216
10250,516.1914
10251,551.020456
10252,768.20902
10253,381.667768
10254,452.411291
10255,827.933207
10256,405.856994
10257,444.953284
10258,393.934886
10259,437.677512
10260,374.261603
10261,480.055666
10262,334.928095
10263,400.007883
10264,406.580153
10265,455.82285
10266,452.074549
10267,504.02043
10268,343.88726
10269,295.087893
10270,401.822252
10271,477.161531
10272,543.09632
10273,302.324822
10274,311.0909
10275,407.281551
10276,345.71106
10277,493.839835
10278,352.982314
10279,339.523833
10280,422.038485
10281,313.509807
10282,331.714862
10283,493.185181
10284,306.858227
10285,364.492939
10286,522.96701
10287,497.211013
10288,314.892338
10289,327.428353
10290,284.878072
10291,480.608672
10292,406.144003
10293,327.204243
10294,271.150798
10295,389.750034
10296,377.722377
10297,595.220224
10298,363.006381
10299,470.51946
10300,380.47894
10301,354.646985
10302,316.68395
10303,503.593422
10304,226.851993
10305,485.100447
10306,308.989261
10307,329.812197
10308,566.564298
10309,691.012507
10310,272.712393
10311,268.540882
10312,258.559321
10313,545.849388
10314,603.459679
10315,510.960201
10316,326.589885
10317,284.746866
10318,325.19406
10319,282.603377
10320,477.452659
10321,332.94439
10322,460.323881
10323,443.754374
10324,364.973023
10325,152.255031
10326,347.745211
10327,261.043575
10328,809.878084
10329,459.556352
10330,337.40378
10331,370.52961
10332,317.433019
10333,443.862815
10334,372.851066
10335,362.005438
10336,313.173856
10337,198.783632
10338,470.04963
10339,427.919878
10340,513.108639
10341,315.685313
10342,500.766356
10343,344.371975
10344,406.092757
10345,456.713271
10346,378.990187
10347,336.932019
10348,337.062047
10349,493.458831
10350,513.237899
10351,493.751885
10352,265.676805
10353,395.407761
10354,389.863728
10355,457.974938
10356,404.495887
10357,451.028238
10358,323.178262
10359,341.978777
10360,449.990099
10361,395.809846
10362,343.407612
10363,339.699092
10364,394.074231
10365,405.111601
10366,428.822225
10367,305.007857
10368,320.327594
10369,357.568036
10370,444.930228
10371,256.099391
10372,339.835224
10373,269.805011
10374,274.841121
10375,330.540401
10376,424.210444
10377,195.296109
10378,663.060827
10379,333.290002
10380,395.985135
10381,309.13191
10382,527.033921
10383,555.510048
10384,904.016362
10385,273.186977
10386,293.356861
10387,435.685064
10388,441.359321
10389,359.469547
10390,215.721978
10391,389.764136
10392,507.927441
10393,462.594817
10394,428.753254
10395,392.164229
10396,345.44757
10397,494.917897
10398,398.314493
10399,455.325523
10400,383.099736
10401,479.325965
10402,320.723308
10403,484.178151
10404,529.008943
10405,476.786831
10406,513.210418
10407,343.660216
10408,293.619934
10409,377.569298
10410,438.236815
10411,513.301103
10412,564.146955
10413,334.637215
10414,461.132708
10415,407.011632
10416,361.026151
10417,264.511163
10418,322.640628
10419,387.093645
10420,388.742303
10421,346.574174
10422,530.656224
10423,382.324818
10424,357.807389
10425,492.753744
10426,448.06645
10427,287.142041
10428,337.270276
10429,334.952093
10430,717.547738
10431,427.773518
10432,476.780486
10433,511.319599
10434,419.42585
10435,351.20638
10436,523.027036
10437,584.290018
10438,457.186608
10439,570.683937
10440,442.6409
10441,418.924956
10442,313.436925
10443,644.305087
10444,361.657508
10445,372.777507
10446,435.321777
10447,324.298854
10448,435.923863
10449,569.725555
10450,304.345856
10451,361.400586
10452,303.488564
10453,313.143833
10454,332.77409
10455,417.77054
10456,424.296587
10457,542.201909
10458,299.433915
10459,309.674719
10460,406.574966
10461,245.331752
10462,355.4274
10463,424.399234
10464,308.330145
10465,452.486681
10466,583.523382
10467,280.105296
10468,583.352759
10469,561.253431
10470,345.894784
10471,358.171864
10472,435.191555
10473,301.495559
10474,227.213079
10475,444.794762
10476,344.548178
10477,548.678856
10478,376.274437
10479,294.554351
10480,419.581457
10481,484.770349
10482,537.544652
10483,512.3883
10484,392.785376
10485,336.190033
10486,365.007975
10487,475.108717
10488,501.182062
10489,627.929607
10490,427.425083
10491,316.829494
10492,370.923792
10493,539.29185
10494,482.189126
10495,372.333921
10496,530.337566
10497,357.237771
10498,386.8705
10499,363.719611
10500,300.06016
10501,337.821437
10502,423.150968
10503,257.91421
10504,408.973062
10505,396.323472
10506,458.871408
10507,381.829599
10508,430.032441
10509,454.790294
10510,325.72285
10511,359.141269
10512,249.34683
10513,262.06287
10514,285.295562
10515,400.695152
10516,692.828527
10517,265.218313
10518,423.072391
10519,400.960151
10520,242.286885
10521,263.093141
10522,506.507326
10523,472.092272
10524,318.835629
10525,485.610088
10526,370.057903
10527,296.128204
10528,558.063415
10529,438.58448
10530,229.060452
10531,295.794291
10532,275.537716
10533,390.62923
10534,338.565716
10535,532.064321
10536,390.200603
10537,240.345569
10538,566.997052
10539,399.578168
10540,740.025703
10541,302.603214
10542,545.916644
10543,388.43458
10544,439.908547
10545,379.381843
10546,432.054116
10547,322.797553
10548,267.472827
10549,613.470074
10550,468.435435
10551,300.07663
10552,377.486801
10553,383.993046
10554,338.652504
10555,325.020049
10556,373.498539
10557,287.478901
10558,413.210975
10559,312.30733
10560,320.453938
10561,350.587392
10562,377.432391
10563,325.825612
10564,433.737826
10565,243.354259
10566,482.103601
10567,353.484315
10568,285.325353
10569,245.034913
10570,488.690367
10571,424.846568
10572,371.401307
10573,325.543172
10574,354.071196
10575,632.105951
10576,376.347532
10577,330.876025
10578,359.899426
10579,307.333367
10580,251.245133
10581,326.536785
10582,319.333497
10583,720.239749
10584,251.605405
10585,397.535537
10586,280.767777
10587,433.710353
10588,322.103908
10589,509.12929
10590,415.148594
10591,638.862731
10592,288.536814
10593,330.567025
10594,436.050795
10595,241.247533
10596,417.248754
10597,364.688798
10598,410.626828
10599,367.149945
10600,391.84535
10601,294.455
10602,482.023738
10603,357.970878
10604,312.390456
10605,417.256091
10606,304.304332
10607,211.551312
10608,328.591023
10609,333.775189
10610,650.168535
10611,429.115263
10612,404.461659
10613,455.32421
10614,405.884826
10615,216.122286
10616,379.584425
10617,241.139858
10618,322.557421
10619,334.608982
10620,288.213656
10621,359.751646
10622,465.130058
10623,345.740479
10624,277.428843
10625,339.986888
10626,351.122696
10627,299.368493
10628,398.913055
10629,346.901544
10630,571.930674
10631,660.367108
10632,221.488975
10633,418.233834
10634,418.905038
10635,280.772126
10636,394.60957
10637,697.022284
10638,461.899117
10639,387.176075
10640,440.376494
10641,361.432351
10642,319.968954
10643,398.874791
10644,287.44942
10645,289.768005
10646,351.408577
10647,317.542538
10648,522.50345
10649,455.829442
10650,203.67676
10651,291.049186
10652,377.39012
10653,397.275294
10654,420.709742
10655,387.250901
10656,524.232943
10657,189.551948
10658,250.380729
10659,357.331412
10660,428.9552
10661,453.154291
10662,438.277213
10663,436.114501
10664,448.711378
10665,404.120812
10666,400.456258
10667,1083.505361
10668,373.70076
10669,370.44291
10670,328.153209
10671,172.439967
10672,444.997496
10673,385.415967
10674,347.994776
10675,479.080996
10676,314.145749
10677,382.739988
10678,341.841809
10679,494.121373
10680,541.557694
10681,358.269424
10682,437.804631
10683,362.274395
10684,366.122234
10685,423.905928
10686,238.830004
10687,266.145406
10688,432.397967
10689,476.289514
10690,371.713389
10691,297.60211
10692,291.074101
10693,382.932597
10694,515.166654
10695,318.373746
10696,381.139782
10697,347.343464
10698,290.594936
10699,440.612626
10700,602.710713
10701,447.490858
10702,335.927271
10703,356.283292
10704,550.974157
10705,313.600151
10706,383.300288
10707,293.167154
10708,384.378286
10709,269.973073
10710,268.807692
10711,271.265246
10712,369.348715
10713,286.226804
10714,341.536324
10715,358.847308
10716,383.409576
10717,289.739804
10718,325.450477
10719,303.976369
10720,444.578349
10721,437.970798
10722,573.775752
10723,187.785415
10724,268.752224
10725,459.774552
10726,289.511952
10727,314.888149
10728,373.845611
10729,311.786241
10730,372.311461
10731,533.039509
10732,366.057836
10733,225.987633
10734,367.037616
10735,317.218295
10736,455.008591
10737,309.115245
10738,380.221146
10739,386.416619
10740,567.702652
10741,309.06457
10742,371.485904
10743,387.517629
10744,246.985743
10745,229.523658
10746,448.631635
10747,482.587256
10748,386.355535
10749,415.455964
10750,286.820489
10751,454.250411
10752,323.344821
10753,435.996524
10754,458.215393
10755,423.994923
10756,272.177805
10757,298.253814
10758,498.253985
10759,777.60771
10760,561.248357
10761,347.233874
10762,673.065899
10763,318.720006
10764,337.276463
10765,294.948469
10766,589.492016
10767,342.574544
10768,298.141785
10769,341.683681
10770,496.482252
10771,352.892218
10772,374.16022
10773,439.931314
10774,500.082285
10775,654.851578
10776,442.055659
10777,436.064341
10778,525.668023
10779,377.239559
10780,402.965398
10781,285.047451
10782,416.725298
10783,499.323532
10784,568.208631
10785,299.468267
10786,378.861472
10787,419.255835
10788,417.035209
10789,414.380519
10790,419.220005
10791,333.991258
10792,425.83063
10793,437.942888
10794,454.515819
10795,277.411057
10796,406.392913
10797,496.398238
10798,659.198914
10799,373.356027
10800,466.188175
10801,348.707689
10802,353.940953
10803,415.906005
10804,286.623228
10805,461.38093
10806,305.795818
10807,451.264755
10808,353.523646
10809,327.545488
10810,383.681139
10811,342.722799
10812,258.284344
10813,266.723183
10814,484.295608
10815,344.936415
10816,292.140668
10817,291.744797
10818,532.388875
10819,392.796525
10820,332.50088
10821,311.618531
10822,489.562712
10823,374.2871
10824,355.461336
10825,350.577964
10826,431.296807
10827,688.283213
10828,652.473796
10829,333.620847
10830,388.747851
10831,439.151406
10832,325.656944
10833,281.910806
10834,588.008128
10835,277.017027
10836,574.075952
10837,295.426523
10838,606.259774
10839,433.969368
10840,430.850229
10841,358.346802
10842,389.797389
10843,307.982748
10844,402.594391
10845,437.832557
10846,347.408014
10847,509.508384
10848,451.67583
10849,401.870123
10850,676.150619
10851,468.39623
10852,318.816472
10853,275.781514
10854,487.812174
10855,388.883476
10856,443.309531
10857,539.883287
10858,469.903537
10859,518.423232
10860,442.946627
10861,431.519679
10862,364.816867
10863,349.752936
10864,498.092155
10865,329.036926
10866,422.654755
10867,362.752794
10868,409.374555
10869,340.600588
10870,529.704204
10871,351.482395
10872,220.027041
10873,430.346513
10874,242.329778
10875,449.407927
10876,430.425362
10877,500.832299
10878,385.632297
10879,412.059339
10880,367.106973
10881,293.644923
10882,403.026621
10883,422.668136
10884,346.158227
10885,370.260287
10886,434.903602
10887,286.350657
10888,391.629781
10889,298.72917
10890,390.927129
10891,255.653122
10892,379.943165
10893,280.127807
10894,445.668063
10895,485.762133
10896,298.731684
10897,444.534963
10898,680.524867
10899,301.506482
10900,396.407459
10901,466.017469
10902,373.885706
10903,288.167765
10904,416.590634
10905,301.908721
10906,524.465383
10907,347.767933
10908,452.703714
10909,738.215869
10910,319.445499
10911,315.728061
10912,278.061657
10913,171.614933
10914,301.772595
10915,410.739341
10916,315.548072
10917,340.467271
10918,434.902346
10919,300.538743
10920,330.28957
10921,458.746744
10922,320.88844
10923,408.233598
10924,309.650099
10925,429.180104
10926,520.119441
10927,353.541844
10928,359.971673
10929,415.274865
10930,326.846138
10931,452.759973
10932,490.425511
10933,322.682914
10934,328.355307
10935,265.313523
10936,445.069054
10937,470.769332
10938,552.419954
10939,344.492766
10940,372.143383
10941,555.72688
10942,429.837835
10943,398.284724
10944,734.824188
10945,334.136321
10946,327.380347
10947,339.969956
10948,269.449432
10949,297.034526
10950,368.1952
10951,317.271644
10952,366.891801
10953,351.122211
10954,340.791708
10955,398.581635
10956,367.075693
10957,450.939919
10958,493.402367
10959,474.267858
10960,395.500886
10961,377.175143
10962,273.458063
10963,375.7253
10964,473.126167
10965,653.588779
10966,436.714119
10967,460.74412
10968,450.69565
10969,285.410412
10970,595.965738
10971,240.72659
10972,421.411534
10973,336.240853
10974,316.149571
10975,549.1553
10976,471.181162
10977,481.290239
10978,426.227624
10979,290.471753
10980,276.818193
10981,386.145067
10982,412.97825
10983,381.101325
10984,565.473696
10985,335.87963
10986,340.852481
10987,337.105422
10988,532.529286
10989,505.753264
10990,330.743111
10991,465.947994
10992,330.275378
10993,343.119392
10994,389.684423
10995,341.568184
10996,326.357398
10997,333.547178
10998,416.854354
10999,490.256537
11000,402.593535
11001,270.942496
11002,373.884019
11003,268.508585
11004,505.509304
11005,339.650586
11006,352.310479
11007,303.03029
11008,717.269237
11009,351.643109
11010,293.402693
11011,255.961118
11012,409.839382
11013,292.826799
11014,364.569744
11015,577.910469
11016,380.440572
11017,445.286224
11018,304.777372
11019,469.102963
11020,356.849411
11021,400.224022
11022,441.815636
11023,392.757563
11024,526.471175
11025,399.100842
11026,752.202906
11027,365.492002
11028,513.356147
11029,356.568716
11030,881.936077
11031,456.710235
11032,321.699139
11033,405.870516
11034,460.461214
11035,281.749479
11036,362.077382
11037,433.081728
11038,255.518014
11039,408.84788
11040,328.856456
11041,294.407298
11042,323.472606
11043,337.687522
11044,530.113464
11045,366.680424
11046,423.217493
11047,401.719268
11048,454.935823
11049,336.450009
11050,574.941429
11051,439.097888
11052,338.883944
11053,420.466792
11054,443.360557
11055,289.135177
11056,349.777243
11057,393.825641
11058,320.043997
11059,441.071693
11060,406.164331
11061,339.375289
11062,481.866047
11063,560.920976
11064,358.62666
11065,353.356147
11066,532.861691
11067,303.588795
11068,271.116192
11069,391.355031
11070,308.280169
11071,422.335595
11072,541.209679
11073,367.005755
11074,460.893128
11075,318.372057
11076,279.760755
11077,325.663787
11078,346.130144
11079,394.582356
11080,250.249319
11081,497.361247
11082,416.933037
11083,436.408106
11084,380.750203
11085,296.13361
11086,495.561067
11087,497.319741
11088,344.363769
11089,349.328767
11090,273.056721
11091,351.052057
11092,341.003916
11093,257.3047
11094,469.39273
11095,513.468144
11096,286.924863
11097,338.55562
11098,306.450857
11099,366.596262
11100,372.419282
11101,589.954965
11102,491.295934
11103,492.259061
11104,477.389909
11105,350.806192
11106,385.315674
11107,288.991463
11108,346.093786
11109,520.826252
11110,417.528612
11111,481.050339
11112,267.800381
11113,349.903209
11114,266.703207
11115,672.649555
11116,476.345073
11117,469.943031
11118,436.254172
11119,241.898716
11120,465.858305
11121,523.244785
11122,323.869156
11123,322.079152
11124,342.61787
11125,292.856813
11126,413.536415
11127,287.632777
11128,267.962388
11129,351.15956
11130,258.975801
11131,528.780956
11132,270.691548
11133,365.947123
11134,376.783217
11135,274.493526
11136,445.799308
11137,406.429612
11138,588.953026
11139,476.821782
11140,311.392327
11141,416.240748
11142,387.53233
11143,332.474835
11144,323.803883
11145,430.242663
11146,375.928137
11147,370.591932
11148,386.19933
11149,351.124988
11150,500.672229
11151,446.951153
11152,628.032416
11153,432.931687
11154,291.602997
11155,410.54805
11156,294.071629
11157,366.899333
11158,294.055235
11159,520.005048
11160,373.902933
11161,620.358958
11162,267.114623
11163,533.487014
11164,426.390015
11165,460.223064
11166,323.443499
11167,317.511731
11168,322.610573
11169,464.245594
11170,366.416481
11171,392.153476
11172,320.020449
11173,430.597946
11174,416.475011
11175,326.407446
11176,399.686055
11177,369.695308
11178,404.988024
11179,347.814133
11180,358.266579
11181,332.981277
11182,267.57766
11183,359.073349
11184,333.903078
11185,630.461
11186,345.77014
11187,404.077595
11188,526.460929
11189,575.55782
11190,833.786539
11191,306.730732
11192,464.727027
11193,420.884418
11194,313.274246
11195,386.260969
11196,353.492514
11197,416.955926
11198,397.528212
11199,331.134285
11200,454.821583
11201,169.650344
11202,346.874685
11203,414.136237
11204,330.321527
11205,431.57825
11206,479.22805
11207,262.246581
11208,375.532441
11209,409.449952
11210,280.243942
11211,372.320998
11212,384.742054
11213,379.595993
11214,674.246649
11215,478.267618
11216,354.459041
11217,330.762718
11218,501.934019
11219,241.715703
11220,434.27925
11221,269.075958
11222,375.927396
11223,385.788735
11224,488.390639
11225,425.997251
11226,795.952381
11227,280.732128
11228,257.71377
11229,475.572658
11230,344.965661
11231,363.607261
11232,269.960385
11233,322.849297
11234,345.583955
11235,419.992848
11236,364.147551
11237,483.059252
11238,459.412849
11239,314.615859
11240,491.290135
11241,406.78316
11242,378.530658
11243,279.228564
11244,288.626371
11245,285.63505
11246,399.752571
11247,336.407718
11248,320.86239
11249,351.386625
11250,355.424761
11251,283.42147
11252,544.565287
11253,192.45087
11254,420.029304
11255,274.42145
11256,324.737429
11257,354.521025
11258,399.186095
11259,291.294897
11260,528.959343
11261,244.812435
11262,318.437922
11263,418.32359
11264,311.958528
11265,468.63529
11266,416.952348
11267,346.587811
11268,338.197775
11269,303.936591
11270,452.571247
11271,624.991019
11272,468.251609
11273,488.092802
11274,595.253777
11275,258.978598
11276,274.804112
11277,370.53006
11278,396.152582
11279,234.74747
11280,378.304705
11281,350.609738
11282,694.078737
11283,422.959616
11284,348.903839
11285,403.138512
11286,339.353959
11287,456.54941
11288,417.647925
11289,460.766422
11290,344.430682
11291,328.650285
11292,453.367307
11293,220.479391
11294,291.314954
11295,250.890826
11296,325.473347
11297,364.238673
11298,361.884003
11299,470.829303
11300,290.073345
11301,228.561515
11302,517.58462
11303,314.566022
11304,501.348126
11305,406.331608
11306,374.804915
11307,331.454052
11308,301.629706
11309,362.589883
11310,242.508096
11311,475.607022
11312,383.916734
11313,584.717544
11314,448.323724
11315,274.357563
11316,330.124824
11317,335.706814
11318,371.420374
11319,339.668777
11320,468.710724
11321,536.677589
11322,212.167345
11323,439.892784
11324,517.296446
11325,302.269218
11326,361.009754
11327,347.773174
11328,305.875887
11329,265.109041
11330,554.704098
11331,399.311584
11332,314.301098
11333,434.868082
11334,280.534555
11335,321.186145
11336,341.248802
11337,315.936305
11338,462.340677
11339,309.57628
11340,262.346545
11341,476.325001
11342,416.964347
11343,317.869719
11344,376.58948
11345,282.858838
11346,365.130401
11347,452.162609
11348,355.257713
11349,400.613353
11350,310.534782
11351,281.930352
11352,308.438128
11353,349.736137
11354,298.406296
11355,306.548301
11356,353.683411
11357,592.372565
11358,613.78925
11359,337.925809
11360,383.648191
11361,570.761034
11362,325.470282
11363,321.469941
11364,546.49971
11365,309.570123
11366,295.57879
11367,424.237832
11368,399.708152
11369,397.307394
11370,452.854102
11371,267.787008
11372,384.543654
11373,213.479415
11374,313.2372
11375,553.666925
11376,309.398512
11377,419.47013
11378,367.432834
11379,287.725319
11380,298.9703
11381,349.819647
11382,280.925862
11383,444.366348
11384,351.585241
11385,317.669274
11386,388.178096
11387,346.505483
11388,401.343806
11389,420.124797
11390,246.345224
11391,380.586775
11392,545.890488
11393,683.109965
11394,434.52589
11395,553.707309
11396,329.988385
11397,546.825351
11398,394.919414
11399,373.498344
11400,394.417953
11401,364.927265
11402,391.404324
11403,344.006641
11404,357.040729
11405,369.525809
11406,246.141471
11407,350.146608
11408,397.370185
11409,256.637717
11410,703.119304
11411,350.299454
11412,679.170461
11413,273.030912
11414,259.806102
11415,377.068602
11416,499.077235
11417,510.466034
11418,322.81177
11419,378.406651
11420,358.562871
11421,418.13309
11422,370.365911
11423,438.789324
11424,361.630398
11425,385.358073
11426,311.071605
11427,467.462857
11428,317.583451
11429,330.52548
11430,375.129768
11431,432.319937
11432,341.087302
11433,241.344219
11434,342.156723
11435,306.072824
11436,311.719555
11437,374.886754
11438,372.704508
11439,425.639226
11440,300.321221
11441,274.467737
11442,395.126887
11443,321.532158
11444,566.838465
11445,540.620068
11446,310.595546
11447,462.979277
11448,552.812496
11449,483.788469
11450,363.544835
11451,308.923863
11452,427.96584
11453,608.198255
11454,374.174655
11455,490.073643
11456,395.238661
11457,277.564774
11458,238.065181
11459,274.98264
11460,265.201579
11461,406.251942
11462,330.617553
11463,370.93387
11464,530.589583
11465,256.165815
11466,513.077543
11467,375.174992
11468,455.272302
11469,432.585302
11470,374.773242
11471,387.64138
11472,433.49973
11473,625.003898
11474,316.200294
11475,373.04794
11476,423.51058
11477,380.599168
11478,226.30096
11479,337.006999
11480,481.306349
11481,385.220765
11482,265.152932
11483,255.941683
11484,261.835178
11485,365.062345
11486,468.605954
11487,399.807814
11488,402.21678
11489,249.817526
11490,497.169334
11491,292.523586
11492,239.100002
11493,389.846226
11494,408.23229
11495,265.697011
11496,296.075589
11497,319.796301
11498,285.0319
11499,282.368073
11500,526.376501
11501,479.263864
11502,365.903936
11503,241.565223
11504,283.736725
11505,349.547624
11506,361.235601
11507,374.646552
11508,494.360182
11509,328.374526
11510,336.151168
11511,315.38247
11512,351.882185
11513,589.61878
11514,437.023079
11515,288.920184
11516,667.300197
11517,360.378192
11518,234.874656
11519,436.977166
11520,386.996046
11521,413.279995
11522,337.628349
11523,412.826125
11524,569.899715
11525,284.045055
11526,408.866776
11527,400.204744
11528,539.494516
11529,338.442843
11530,348.184703
11531,593.37632
11532,548.964402
11533,389.616915
11534,387.192206
11535,335.792142
11536,313.548834
11537,325.882454
11538,345.180745
11539,379.241012
11540,428.264429
11541,540.160152
11542,362.803017
11543,327.985389
11544,226.620035
11545,294.535326
11546,318.564346
11547,285.138814
11548,301.118044
11549,268.59708
11550,358.538221
11551,501.659383
11552,391.613478
11553,662.286126
11554,318.364399
11555,517.964585
11556,402.229026
11557,586.49624
11558,604.759655
11559,342.247661
11560,378.426418
11561,396.491858
11562,261.387859
11563,505.22402
11564,290.294958
11565,360.983022
11566,232.69448
11567,499.732317
11568,246.249867
11569,363.052798
11570,404.812617
11571,432.98811
11572,447.331029
11573,266.033765
11574,402.43257
11575,397.395987
11576,254.245752
11577,208.018435
11578,410.210809
11579,253.571129
11580,351.531713
11581,516.414302
11582,366.399757
11583,400.796413
11584,368.37343
11585,302.728427
11586,275.010194
11587,350.00181
11588,574.332389
11589,326.333733
11590,418.321395
11591,529.411005
11592,360.404013
11593,248.929902
11594,628.716045
11595,318.657226
11596,519.061325
11597,289.860205
11598,383.231509
11599,353.073407
11600,348.025423
11601,225.916445
11602,405.34052
11603,501.848906
11604,449.113134
11605,303.087759
11606,342.481065
11607,649.139454
11608,271.940603
11609,624.789236
11610,333.792424
11611,224.894167
11612,369.250586
11613,317.272724
11614,339.236489
11615,306.654662
11616,413.360904
11617,495.832205
11618,474.356575
11619,464.637169
11620,507.645968
11621,259.20487
11622,217.792441
11623,391.966505
11624,375.929949
11625,218.172659
11626,461.970147
11627,415.514202
11628,262.884831
11629,264.898556
11630,387.135497
11631,307.19611
11632,305.443779
11633,431.985119
11634,304.745402
11635,582.358736
11636,551.634589
11637,304.008476
11638,371.712714
11639,374.024041
11640,364.454927
11641,307.618175
11642,220.552707
11643,313.133736
11644,360.944188
11645,332.977287
11646,266.355947
11647,337.931821
11648,337.851004
11649,330.186176
11650,337.239681
11651,534.091197
11652,284.345183
11653,336.047527
11654,420.288811
11655,306.610868
11656,455.110781
11657,443.136416
11658,331.757668
11659,456.421051
11660,369.803509
11661,434.954835
11662,268.395768
11663,326.36817
11664,316.438993
11665,464.870507
11666,267.554223
11667,297.925568
11668,346.688494
11669,305.157282
11670,367.539231
11671,623.697523
11672,396.550223
11673,571.592934
11674,246.161141
11675,348.060696
11676,311.69429
11677,363.252654
11678,418.618022
11679,385.575066
11680,401.965977
11681,420.393862
11682,543.721168
11683,437.828115
11684,412.752816
11685,345.42998
11686,235.626214
11687,512.88484
11688,310.454322
11689,317.317309
11690,528.112374
11691,343.424747
11692,670.452587
11693,430.825599
11694,486.12858
11695,300.420427
11696,310.002612
11697,338.359407
11698,551.14545
11699,341.145382
11700,629.327027
11701,389.4768
11702,533.424667
11703,363.556406
11704,266.36585
11705,461.868701
11706,479.232569
11707,335.117269
11708,260.564985
11709,377.241816
11710,550.764662
11711,303.903068
11712,387.577896
11713,343.191811
11714,463.588867
11715,349.27796
11716,327.444239
11717,425.339165
11718,501.685797
11719,302.461746
11720,522.224658
11721,261.723855
11722,272.431274
11723,363.231735
11724,411.349705
11725,761.546508
11726,674.631907
11727,567.981763
11728,527.688717
11729,318.686809
11730,516.349166
11731,425.667918
11732,388.509805
11733,360.758178
11734,311.212743
11735,285.164919
11736,336.219634
11737,323.971722
11738,290.280086
11739,529.431825
11740,361.67529
11741,503.720951
11742,325.723104
11743,271.452654
11744,298.722781
11745,404.984445
11746,390.727991
11747,389.55983
11748,310.417448
11749,337.251262
11750,322.722739
11751,330.343049
11752,835.279732
11753,347.040477
11754,272.4871
11755,500.867845
11756,369.285095
11757,342.629057
11758,297.430611
11759,460.211528
11760,247.946068
11761,498.109487
11762,224.140803
11763,426.511139
11764,517.764721
11765,292.716484
11766,402.564577
11767,433.882349
11768,389.87785
11769,279.703297
11770,326.071759
11771,517.144072
11772,196.544968
11773,354.0557
11774,699.526257
11775,290.62791
11776,282.893397
11777,536.551919
11778,318.356027
11779,248.675621
11780,320.475893
11781,402.639065
11782,305.032379
11783,437.301305
11784,573.00569
11785,283.489867
11786,426.55051
11787,316.420753
11788,359.404337
11789,378.997101
11790,388.831121
11791,415.439032
11792,455.26944
11793,532.793013
11794,446.165717
11795,229.40411
11796,476.43053
11797,309.896216
11798,366.977033
11799,461.508524
11800,396.838664
11801,339.259799
11802,590.034856
11803,384.585878
11804,483.465901
11805,394.894071
11806,370.772876
11807,395.936685
11808,245.117912
11809,485.308723
11810,320.174951
11811,443.736853
11812,481.212109
11813,940.551478
11814,309.850017
11815,489.232967
11816,385.570943
11817,410.637171
11818,446.242506
11819,396.529624
11820,377.891028
11821,243.650892
11822,605.770457
11823,362.25381
11824,501.353017
11825,297.44017
11826,172.96174
11827,612.192163
11828,352.494812
11829,444.668198
11830,433.979856
11831,322.632268
11832,429.015885
11833,395.976099
11834,300.869061
11835,354.33657
11836,266.68103
11837,224.449277
11838,369.978536
11839,312.035804
11840,254.13614
11841,272.515434
11842,415.221653
11843,358.787118
11844,477.163296
11845,350.27381
11846,311.596827
11847,307.421908
11848,310.527232
11849,305.491762
11850,354.037514
11851,224.703391
11852,425.372557
11853,369.090542
11854,524.510957
11855,294.373424
11856,407.696091
11857,382.841849
11858,330.523342
11859,210.500278
11860,273.804884
11861,677.147635
11862,415.650177
11863,650.706642
11864,532.186544
11865,390.555659
11866,318.131948
11867,240.896636
11868,593.681533
11869,311.695967
11870,396.689413
11871,423.904264
11872,443.301707
11873,335.300776
11874,334.445142
11875,308.627445
11876,489.470447
11877,372.495211
11878,178.702342
11879,312.785416
11880,528.462236
11881,245.780979
11882,349.625646
11883,461.717621
11884,344.749156
11885,303.456373
11886,330.673512
11887,325.162178
11888,404.251031
11889,462.621693
11890,369.1338
11891,393.725959
11892,486.036598
11893,255.191259
11894,595.548572
11895,434.082202
11896,382.819552
11897,474.306717
11898,344.309571
11899,420.752489
11900,481.119846
11901,409.803408
11902,447.308376
11903,435.673072
11904,350.261519
11905,273.895774
11906,307.938287
11907,276.41702
11908,282.06544
11909,287.202443
11910,280.478196
11911,881.541686
11912,310.277055
11913,467.824178
11914,312.187386
11915,485.828532
11916,251.658896
11917,563.08404
11918,514.786923
11919,670.427594
11920,427.167506
11921,374.869735
11922,407.591586
11923,320.552387
11924,394.40645
11925,410.906157
11926,481.842069
11927,479.021362
11928,311.331646
11929,387.038578
11930,420.148812
11931,230.067348
11932,344.966021
11933,286.413105
11934,370.250638
11935,400.039193
11936,783.509041
11937,473.862013
11938,304.317056
11939,368.711605
11940,321.933295
11941,398.987998
11942,345.366769
11943,501.014421
11944,385.858166
11945,315.731182
11946,472.492688
11947,664.724005
11948,362.902556
11949,486.694859
11950,298.8865
11951,288.687875
11952,536.49604
11953,330.056378
11954,416.176117
11955,470.624309
11956,466.251016
11957,333.042026
11958,236.67959
11959,393.617182
11960,308.536776
11961,364.654346
11962,330.600884
11963,465.252434
11964,452.082083
11965,580.968025
11966,299.238565
11967,542.048744
11968,382.551131
11969,434.266234
11970,395.347562
11971,392.525169
11972,306.230688
11973,368.179149
11974,365.698655
11975,369.157467
11976,327.992631
11977,337.666895
11978,361.73621
11979,368.368812
11980,262.995931
11981,485.2553
11982,352.531486
11983,359.333881
11984,355.764941
11985,361.534578
11986,322.898379
11987,462.379353
11988,314.094088
11989,359.60304
11990,444.82724
11991,452.036406
11992,359.186586
11993,316.251885
11994,665.760422
11995,391.311634
11996,368.74779
11997,253.993634
11998,307.757425
11999,457.605651
12000,294.826661
12001,345.358836
12002,462.580314
12003,278.740808
12004,271.037394
12005,459.676583
12006,464.448185
12007,430.66965
12008,484.754267
12009,346.48265
12010,300.22762
12011,456.766337
12012,375.602423
12013,286.399587
12014,319.530248
12015,281.935262
12016,351.44186
12017,307.489721
12018,476.516262
12019,585.457567
12020,379.024776
12021,308.46896
12022,389.13338
12023,510.785719
12024,411.396931
12025,326.82134
12026,560.893963
12027,290.574647
12028,475.295398
12029,261.748461
12030,421.334174
12031,352.675104
12032,405.988848
12033,467.735993
12034,304.831704
12035,310.543614
12036,608.722505
12037,374.527552
12038,498.016069
12039,306.061531
12040,340.382197
12041,391.988515
12042,401.936065
12043,390.436821
12044,433.704981
12045,340.529568
12046,370.0689
12047,272.207197
12048,566.562897
12049,485.864217
12050,427.234228
12051,253.30258
12052,656.902012
12053,673.197868
12054,218.571127
12055,356.661897
12056,399.959013
12057,362.703383
12058,467.860126
12059,596.221541
12060,383.825798
12061,472.687262
12062,462.26655
12063,277.292848
12064,532.097656
12065,332.620104
12066,466.585517
12067,400.56889
12068,331.885579
12069,448.764648
12070,417.658196
12071,446.283959
12072,307.860336
12073,419.169404
12074,469.509882
12075,622.647145
12076,697.860087
12077,388.007322
12078,261.862864
12079,421.503234
12080,343.273447
12081,414.274408
12082,365.455511
12083,243.868518
12084,328.575441
12085,454.160546
12086,357.186274
12087,416.84518
12088,578.276994
12089,256.70862
12090,515.754068
12091,482.132493
12092,324.382778
12093,326.164946
12094,565.762539
12095,546.201649
12096,409.377976
12097,410.563474
12098,485.742489
12099,399.04744
12100,350.78161
12101,256.908965
12102,385.885595
12103,362.688441
12104,244.854274
12105,347.49593
12106,388.288758
12107,520.974142
12108,332.506688
12109,375.051994
12110,335.12006
12111,465.464709
12112,517.921839
12113,346.247559
12114,615.25809
12115,560.608233
12116,328.325605
12117,417.624525
12118,312.781453
12119,314.848559
12120,375.566339
12121,381.469754
12122,320.246662
12123,559.209819
12124,405.419513
12125,363.630145
12126,274.77968
12127,331.192926
12128,366.380528
12129,336.142849
12130,281.796631
12131,377.303996
12132,287.900041
12133,251.793201
12134,315.204158
12135,410.821787
12136,264.835919
12137,362.262091
12138,458.463317
12139,360.881978
12140,413.926397
12141,462.572915
12142,270.51407
12143,458.278244
12144,359.18735
12145,530.093065
12146,344.678706
12147,315.15291
12148,217.37053
12149,384.877804
12150,285.57811
12151,380.735338
12152,345.898034
12153,287.705842
12154,437.921968
12155,648.540121
12156,405.900042
12157,290.54402
12158,546.291304
12159,218.773994
12160,480.082817
12161,326.653896
12162,295.459278
12163,313.645694
12164,330.623421
12165,340.113739
12166,442.271645
12167,237.752593
12168,500.573795
12169,308.827409
12170,403.460626
12171,481.908149
12172,335.334113
12173,605.189759
12174,371.422536
12175,366.27849
12176,342.048475
12177,400.844593
12178,418.7129
12179,462.176855
12180,369.216717
12181,418.885921
12182,408.564921
12183,333.377767
12184,622.105919
12185,375.708715
12186,375.76117
12187,924.75027
12188,374.59717
12189,443.917739
12190,334.279413
12191,312.542494
12192,568.598318
12193,405.136773
12194,277.317771
12195,430.668106
12196,510.559554
12197,359.143622
12198,435.864652
12199,585.976247
12200,284.90788
12201,365.909023
12202,316.369391
12203,430.774669
12204,266.442064
12205,335.308414
12206,464.211931
12207,370.833457
12208,365.218462
12209,425.292168
12210,396.426416
12211,448.517876
12212,339.915599
12213,304.125954
12214,340.525141
12215,398.225406
12216,354.222957
12217,423.716197
12218,268.994487
12219,356.007684
12220,423.387286
12221,429.267119
12222,459.517599
12223,250.185396
12224,541.952697
12225,282.2044
12226,502.450038
12227,516.271529
12228,535.957437
12229,464.781194
12230,399.422023
12231,233.539045
12232,628.311871
12233,489.010861
12234,372.193956
12235,372.605082
12236,366.813685
12237,332.357081
12238,372.71667
12239,478.162485
12240,375.41594
12241,287.189833
12242,546.697173
12243,460.486214
12244,345.127667
12245,351.323664
12246,519.865485
12247,472.023748
12248,362.459029
12249,376.352431
12250,359.04466
12251,439.07153
12252,377.269392
12253,595.234891
12254,313.513957
12255,560.358743
12256,407.036966
12257,405.595486
12258,525.761292
12259,421.824302
12260,320.911176
12261,403.915159
12262,288.835292
12263,331.678205
12264,461.568668
12265,380.749616
12266,383.540925
12267,217.958259
12268,372.047201
12269,637.092186
12270,347.828848
12271,386.618326
12272,270.882733
12273,384.434436
12274,252.920543
12275,492.463898
12276,369.025013
12277,279.130924
12278,319.892899
12279,246.385305
12280,613.013147
12281,305.245374
12282,439.192417
12283,361.459444
12284,611.672472
12285,414.350351
12286,370.047425
12287,705.304876
12288,477.661672
12289,391.222612
12290,424.639456
12291,383.283664
12292,422.188968
12293,453.876561
12294,591.602542
12295,450.334446
12296,330.351295
12297,377.556367
12298,475.421008
12299,637.963231
12300,345.469844
12301,334.522208
12302,268.288918
12303,348.416275
12304,404.130641
12305,562.081865
12306,330.032325
12307,273.942352
12308,602.570401
12309,328.267273
12310,524.21465
12311,305.705661
12312,291.799223
12313,314.529239
12314,375.481878
12315,261.049876
12316,334.963235
12317,353.458589
12318,335.964447
12319,320.745079
12320,545.19762
12321,397.781987
12322,671.679733
12323,265.25592
12324,334.079031
12325,279.812962
12326,302.260691
12327,430.556426
12328,457.373838
12329,374.33349
12330,653.783395
12331,431.187236
12332,396.362935
12333,401.623014
12334,303.512974
12335,342.645787
12336,381.58514
12337,404.505844
12338,258.402436
12339,607.280615
12340,321.393763
12341,343.337639
12342,230.318324
12343,424.077614
12344,347.018951
12345,361.76192
12346,258.61397
12347,304.633564
12348,555.962533
12349,530.804667
12350,396.786507
12351,377.671534
12352,435.486789
12353,361.807055
12354,574.699887
12355,291.880044
12356,353.299769
12357,396.220754
12358,347.677314
12359,339.082297
12360,396.444566
12361,554.549312
12362,351.766887
12363,304.374814
12364,400.70218
12365,293.652175
12366,267.280478
12367,439.145748
12368,320.205203
12369,347.873792
12370,505.653502
12371,524.237476
12372,399.757921
12373,349.357067
12374,313.751097
12375,313.312161
12376,317.243265
12377,393.534594
12378,300.982202
12379,307.828881
12380,310.103261
12381,304.560603
12382,367.771084
12383,253.812601
12384,555.208355
12385,471.370926
12386,372.797809
12387,353.796267
12388,316.066087
12389,467.305371
12390,302.270486
12391,695.723652
12392,359.923992
12393,219.308788
12394,275.010169
12395,244.862961
12396,290.843535
12397,362.554909
12398,333.428317
12399,425.960461
12400,366.898826
12401,422.454241
12402,519.818241
12403,475.266168
12404,390.499107
12405,447.027812
12406,356.112155
12407,457.295201
12408,340.136874
12409,310.637816
12410,252.988395
12411,398.388887
12412,473.930387
12413,359.834827
12414,640.315499
12415,342.269203
12416,334.537858
12417,398.174883
12418,282.817321
12419,554.503936
12420,399.940871
12421,449.016796
12422,288.628476
12423,430.879572
12424,359.369738
12425,333.18369
12426,380.221713
12427,325.182613
12428,828.309232
12429,319.832686
12430,301.870259
12431,538.882807
12432,442.876541
12433,424.114783
12434,384.368615
12435,543.178275
12436,282.516412
12437,498.408095
12438,261.426419
12439,478.083452
12440,177.348086
12441,270.608465
12442,293.212112
12443,569.886084
12444,506.59844
12445,318.343792
12446,397.540478
12447,408.905741
12448,362.008766
12449,507.414883
12450,268.125007
12451,378.161105
12452,525.983071
12453,278.880742
12454,414.869219
12455,234.016946
12456,268.491712
12457,499.623518
12458,521.203936
12459,655.725951
12460,407.458841
12461,358.465862
12462,413.030325
12463,438.619808
12464,437.031737
12465,485.948682
12466,201.64478
12467,345.424737
12468,480.924331
12469,401.54654
12470,355.448492
12471,320.802174
12472,334.824673
12473,418.223828
12474,369.867968
12475,481.428543
12476,322.664589
12477,285.751265
12478,474.890047
12479,781.06239
12480,472.506182
12481,534.038346
12482,275.819245
12483,249.062243
12484,644.731804
12485,341.938108
12486,291.370424
12487,231.589165
12488,246.875122
12489,415.814149
12490,525.752965
12491,279.814439
12492,390.396107
12493,381.640524
12494,310.202223
12495,317.613012
12496,336.165142
12497,463.295011
12498,470.312289
12499,334.80761
12500,282.224837
12501,374.03999
12502,443.189153
12503,300.06639
12504,531.057155
12505,307.161094
12506,274.392404
12507,533.07168
12508,527.025626
12509,433.709152
12510,292.663275
12511,365.265142
12512,283.102642
12513,520.206026
12514,344.485878
12515,401.331091
12516,269.45474
12517,324.852059
12518,481.660893
12519,401.359989
12520,422.836707
12521,494.558315
12522,360.419085
12523,429.643632
12524,497.700206
12525,451.459967
12526,410.963396
12527,651.48453
12528,349.435394
12529,353.944514
12530,397.97631
12531,502.472656
12532,257.944826
12533,407.767951
12534,301.850841
12535,316.732794
12536,320.90999
12537,490.592857
12538,293.506347
12539,424.19349
12540,362.836385
12541,299.96122
12542,332.418509
12543,294.971183
12544,467.43178
12545,445.03262
12546,367.717359
12547,530.718687
12548,371.342096
12549,360.818537
12550,352.046838
12551,451.730611
12552,474.85235
12553,328.705424
12554,398.783921
12555,381.21027
12556,594.927465
12557,374.027633
12558,371.786736
12559,317.239577
12560,440.993149
12561,432.467928
12562,417.326366
12563,330.308953
12564,590.682501
12565,537.091938
12566,464.255995
12567,352.975098
12568,647.130435
12569,497.889021
12570,428.293613
12571,429.958312
12572,491.667212
12573,435.507748
12574,608.907312
12575,478.137917
12576,330.941004
12577,370.764633
12578,457.189235
12579,559.643209
12580,326.196858
12581,304.566583
12582,430.642831
12583,443.313853
12584,541.674289
12585,520.421519
12586,235.669787
12587,363.946379
12588,531.164851
12589,350.414862
12590,336.811868
12591,441.200923
12592,375.986735
12593,387.642986
12594,472.613288
12595,281.457192
12596,508.056895
12597,383.186381
12598,409.030108
12599,331.843493
12600,344.505244
12601,310.196813
12602,453.584536
12603,408.467296
12604,326.81945
12605,596.832822
12606,380.026706
12607,307.475922
12608,510.294815
12609,346.751793
12610,462.473896
12611,248.363377
12612,403.779075
12613,408.568238
12614,278.915397
12615,371.185749
12616,360.302227
12617,374.68833
12618,476.270577
12619,330.394742
12620,387.859046
12621,303.850021
12622,283.05016
12623,363.832095
12624,292.38629
12625,545.957242
12626,309.375705
12627,320.491878
12628,440.922593
12629,323.735677
12630,379.829334
12631,217.525949
12632,357.266313
12633,595.948705
12634,499.355214
12635,297.10056
12636,359.529693
12637,323.722178
12638,417.132908
12639,450.646292
12640,432.154749
12641,327.21851
12642,442.894315
12643,413.310888
12644,462.508989
12645,448.7062
12646,404.009974
12647,641.06571
12648,414.079715
12649,369.221124
12650,438.229744
12651,457.717981
12652,542.188274
12653,323.712481
12654,278.114068
12655,444.066913
12656,500.78137
12657,550.764357
12658,488.256639
12659,362.023296
12660,422.015606
12661,312.316583
12662,236.800481
12663,338.098539
12664,265.74914
12665,319.110148
12666,678.39623
12667,494.214349
12668,441.629041
12669,601.723132
12670,571.170247
12671,723.219552
12672,315.833778
12673,350.425117
12674,444.296377
12675,373.31951
12676,536.521744
12677,309.296243
12678,449.459094
12679,626.750465
12680,474.387414
12681,562.808624
12682,341.725127
12683,341.547376
12684,369.713944
12685,260.186752
12686,771.231414
12687,337.36365
12688,268.210703
12689,389.118067
12690,343.479169
12691,379.793921
12692,379.359471
12693,719.623642
12694,430.675507
12695,234.416168
12696,346.443754
12697,400.897189
12698,359.757779
12699,377.520736
12700,388.102212
12701,279.895225
12702,325.841692
12703,268.13967
12704,384.926784
12705,512.897783
12706,316.418727
12707,379.844601
12708,403.138466
12709,488.043285
12710,452.888279
12711,350.413762
12712,450.368562
12713,316.141193
12714,294.438156
12715,340.107969
12716,303.583023
12717,491.141034
12718,419.195653
12719,463.129446
12720,437.723179
12721,330.802993
12722,436.057928
12723,567.731396
12724,304.928052
12725,386.163842
12726,302.333462
12727,449.582611
12728,375.08809
12729,325.500528
12730,405.152251
12731,426.608395
12732,392.805765
12733,345.20215
12734,524.562022
12735,419.871316
12736,374.112904
12737,535.803839
12738,331.249694
12739,413.661581
12740,256.062102
12741,388.284926
12742,362.566272
12743,384.301915
12744,432.369309
12745,436.343499
12746,537.119956
12747,377.889164
12748,416.193638
12749,395.857091
12750,360.969563
12751,361.238287
12752,413.479584
12753,406.862367
12754,457.250219
12755,297.128759
12756,408.140595
12757,477.427606
12758,535.484719
12759,434.136606
12760,670.687537
12761,302.761265
12762,635.275366
12763,410.341253
12764,684.525571
12765,362.919188
12766,341.731079
12767,574.395293
12768,483.362259
12769,483.63412
12770,542.545025
12771,453.876069
12772,446.624165
12773,494.484673
12774,812.9745
12775,349.02333
12776,367.614814
12777,458.117259
12778,280.56983
12779,274.300544
12780,388.885176
12781,946.220931
12782,470.817534
12783,413.741378
12784,256.667271
12785,359.574017
12786,426.620306
12787,412.577792
12788,326.048871
12789,387.039297
12790,454.637954
12791,374.501687
12792,353.584402
12793,362.118722
12794,570.81835
12795,343.51166
12796,512.761444
12797,390.802873
12798,504.668194
12799,367.429083
12800,343.403338
12801,449.508835
12802,336.105591
12803,735.247591
12804,436.636315
12805,430.509758
12806,339.796139
12807,374.860869
12808,360.970176
12809,314.164819
12810,274.02382
12811,290.261671
12812,404.011016
12813,237.042813
12814,321.032026
12815,405.253149
12816,313.373699
12817,493.834192
12818,356.165934
12819,417.938639
12820,346.558594
12821,267.248051
12822,470.0576
12823,327.839281
12824,344.248724
12825,290.532921
12826,672.844428
12827,310.579117
12828,324.932872
12829,376.096078
12830,441.461926
12831,377.995497
12832,327.620763
12833,355.437765
12834,333.961091
12835,1056.628783
12836,321.956496
12837,542.46476
12838,438.417298
12839,470.341856
12840,446.965603
12841,333.279853
12842,576.702437
12843,560.498406
12844,399.273549
12845,253.095292
12846,641.692335
12847,535.021271
12848,458.629352
12849,485.186373
12850,641.17954
12851,321.936788
12852,484.656087
12853,351.28201
12854,441.812097
12855,503.296849
12856,283.733416
12857,325.601998
12858,249.964021
12859,282.91031
12860,267.665058
12861,422.589302
12862,426.018092
12863,406.430365
12864,539.525672
12865,389.116535
12866,372.095114
12867,376.925875
12868,480.030591
12869,393.450326
12870,385.858955
12871,635.212829
12872,321.535198
12873,469.911714
12874,486.412201
12875,415.128206
12876,341.9327
12877,394.955703
12878,474.489281
12879,343.005761
12880,837.389051
12881,507.905864
12882,284.028305
12883,412.776263
12884,387.29175
12885,306.188779
12886,264.081865
12887,426.951209
12888,378.291012
12889,443.763382
12890,435.506469
12891,279.5454
12892,236.105978
12893,287.598069
12894,460.488568
12895,643.942784
12896,502.876682
12897,264.055865
12898,337.479509
12899,479.439838
12900,275.065536
12901,334.317626
12902,590.804914
12903,382.171444
12904,329.857316
12905,328.165069
12906,380.608464
12907,363.724773
12908,517.292714
12909,420.100125
12910,387.183999
12911,403.846539
12912,439.86065
12913,349.937699
12914,318.261472
12915,317.73836
12916,443.727466
12917,523.067438
12918,362.38606
12919,289.127524
12920,295.314503
12921,422.735096
12922,347.528522
12923,317.430506
12924,426.894409
12925,319.14812
12926,479.236842
12927,315.870257
12928,431.995053
12929,464.87531
12930,583.396543
12931,429.530004
12932,360.186544
12933,371.92541
12934,449.749019
12935,533.051076
12936,398.704868
12937,410.759172
12938,434.071969
12939,306.548874
12940,299.772292
12941,467.135468
12942,245.735713
12943,515.11287
12944,557.553645
12945,467.526612
12946,392.166585
12947,329.871577
12948,351.875832
12949,302.328365
12950,269.326446
12951,449.48807
12952,305.128659
12953,449.201628
12954,638.989889
12955,469.157028
12956,273.43361
12957,527.475259
12958,456.021292
12959,522.59624
12960,374.601382
12961,311.627211
12962,271.463054
12963,273.893637
12964,319.385543
12965,341.527777
12966,547.59212
12967,429.667301
12968,419.805229
12969,471.681808
12970,468.363384
12971,327.840221
12972,434.663732
12973,548.38299
12974,360.779768
12975,354.364421
12976,293.30434
12977,673.779888
12978,336.899776
12979,521.747656
12980,354.417473
12981,407.849077
12982,452.090175
12983,402.143868
12984,374.414603
12985,516.659852
12986,331.930129
12987,246.53161
12988,354.681855
12989,353.148916
12990,276.933226
12991,559.813005
12992,443.637688
12993,270.477849
12994,427.518943
12995,516.745916
12996,316.124663
12997,374.167409
12998,485.147417
12999,267.17484
13000,294.412334
13001,463.821907
13002,443.162682
13003,427.780295
13004,408.972121
13005,311.186541
13006,471.293453
13007,423.911461
13008,365.712654
13009,215.445085
13010,389.295839
13011,247.648148
13012,360.062236
13013,376.906397
13014,360.614468
13015,334.276855
13016,459.782685
13017,336.260819
13018,246.735005
13019,394.535183
13020,421.477512
13021,474.027256
13022,402.93784
13023,368.993098
13024,405.617714
13025,337.972763
13026,416.315307
13027,342.731259
13028,365.356272
13029,172.607234
13030,387.535646
13031,408.2434
13032,391.131291
13033,534.987595
13034,468.429248
13035,380.707324
13036,1000.822226
13037,507.162894
13038,471.648611
13039,349.188742
13040,332.910923
13041,351.608102
13042,470.056064
13043,376.091221
13044,393.31955
13045,259.503148
13046,379.504965
13047,357.015816
13048,364.262008
13049,444.836262
13050,567.136791
13051,294.011267
13052,582.183092
13053,455.457654
13054,364.532142
13055,301.896344
13056,376.420603
13057,274.907609
13058,366.776473
13059,245.805634
13060,296.308015
13061,337.668196
13062,333.95572
13063,460.271365
13064,298.942542
13065,402.551037
13066,385.34511
13067,359.101866
13068,292.764314
13069,299.082368
13070,283.117348
13071,494.558997
13072,392.721233
13073,411.458737
13074,376.069871
13075,484.50977
13076,458.771033
13077,310.946002
13078,333.001681
13079,333.361668
13080,299.798807
13081,358.576191
13082,327.724211
13083,367.564032
13084,480.689951
13085,349.643982
13086,528.376003
13087,277.439106
13088,265.800434
13089,363.603343
13090,419.673872
13091,338.114603
13092,334.057307
13093,401.674743
13094,263.475944
13095,420.283629
13096,409.766638
13097,196.195579
13098,326.175447
13099,366.162678
13100,388.477077
13101,615.877252
13102,442.477137
13103,439.938508
13104,638.004368
13105,343.413216
13106,567.584446
13107,428.162095
13108,404.440848
13109,325.095101
13110,259.847332
13111,412.819736
13112,326.130668
13113,317.557734
13114,403.879128
13115,273.142357
13116,574.502563
13117,503.105045
13118,401.716995
13119,423.683359
13120,412.726234
13121,366.752289
13122,428.412487
13123,640.195925
13124,543.159178
13125,368.135447
13126,551.7393
13127,585.654313
13128,520.375406
13129,336.814183
13130,410.149114
13131,331.784536
13132,414.780242
13133,358.919955
13134,349.035062
13135,389.913796
13136,348.908797
13137,428.362206
13138,177.504108
13139,371.884669
13140,445.998968
13141,398.587226
13142,351.532901
13143,340.739622
13144,461.659315
13145,315.337356
13146,378.662525
13147,316.545232
13148,248.301883
13149,488.77647
13150,334.258405
13151,365.000699
13152,335.124461
13153,758.97597
13154,339.158558
13155,343.841108
13156,413.837608
13157,314.409092
13158,462.768165
13159,592.692921
13160,301.881054
13161,399.226106
13162,291.951106
13163,514.839233
13164,436.856867
13165,274.225281
13166,282.889626
13167,342.579356
13168,519.410811
13169,269.625515
13170,388.555363
13171,395.652915
13172,489.407614
13173,425.260123
13174,402.767315
13175,364.64957
13176,392.338395
13177,324.890987
13178,444.333869
13179,587.719104
13180,451.066451
13181,383.063669
13182,302.206908
13183,377.978378
13184,333.748616
13185,489.603111
13186,461.870273
13187,380.316091
13188,443.230734
13189,386.84311
13190,334.627386
13191,427.090005
13192,382.364164
13193,446.267174
13194,438.883895
13195,436.958527
13196,374.494294
13197,290.534898
13198,420.350268
13199,480.684755
13200,437.915216
13201,432.60848
13202,621.090237
13203,460.055387
13204,335.761542
13205,339.561102
13206,492.07717
13207,504.788395
13208,381.70481
13209,393.173536
13210,410.973658
13211,514.123038
13212,404.164882
13213,271.653395
13214,401.077736
13215,393.317577
13216,301.763098
13217,356.267248
13218,453.426917
13219,361.150437
13220,538.204537
13221,316.800825
13222,451.535035
13223,278.840095
13224,353.900543
13225,281.799222
13226,341.236734
13227,324.873798
13228,571.097767
13229,340.286565
13230,365.294869
13231,334.368938
13232,387.093874
13233,354.65011
13234,338.892279
13235,388.84882
13236,319.017633
13237,425.670405
13238,293.494629
13239,300.875132
13240,364.21798
13241,469.359228
13242,410.115246
13243,368.683329
13244,398.886665
13245,366.435317
13246,409.150177
13247,396.63105
13248,612.869215
13249,369.750467
13250,318.13045
13251,364.792185
13252,345.686436
13253,375.426779
13254,284.310738
13255,317.180952
13256,354.116644
13257,343.51052
13258,520.224487
13259,327.275168
13260,333.576743
13261,341.426527
13262,851.275246
13263,417.819853
13264,513.034686
13265,377.654169
13266,437.273389
13267,317.444447
13268,359.022262
13269,429.611737
13270,405.783727
13271,403.595401
13272,419.409592
13273,527.24915
13274,363.588725
13275,348.416766
13276,562.757305
13277,330.008938
13278,484.297285
13279,655.356294
13280,389.91803
13281,435.193026
13282,249.097525
13283,310.327273
13284,290.30364
13285,777.125434
13286,463.510149
13287,311.887103
13288,386.69261
13289,445.199205
13290,460.040505
13291,636.521707
13292,359.511865
13293,375.385687
13294,334.92437
13295,286.186137
13296,239.80982
13297,287.807662
13298,405.467943
13299,317.068336
13300,365.180236
13301,309.603232
13302,322.435414
13303,482.04786
13304,415.927809
13305,455.266949
13306,368.768436
13307,403.107035
13308,252.632165
13309,490.876596
13310,286.816888
13311,563.852276
13312,297.939106
13313,246.911903
13314,400.626429
13315,633.867406
13316,348.649004
13317,429.834699
13318,339.326039
13319,471.092074
13320,382.457557
13321,373.726592
13322,533.861407
13323,465.082055
13324,449.70858
13325,413.309738
13326,401.430074
13327,719.11677
13328,328.105559
13329,477.250249
13330,320.247438
13331,409.005013
13332,465.946009
13333,580.056756
13334,434.922593
13335,268.291761
13336,280.664762
13337,435.485474
13338,311.958221
13339,324.817084
13340,360.599864
13341,322.974111
13342,583.227564
13343,373.85647
13344,336.059876
13345,603.583024
13346,773.742159
13347,264.798915
13348,445.878904
13349,257.595609
13350,488.563671
13351,530.368518
13352,387.432512
13353,823.328287
13354,377.50635
13355,473.854507
13356,669.487235
13357,495.719912
13358,449.359228
13359,414.294591
13360,328.361226
13361,379.296484
13362,381.493411
13363,392.223528
13364,506.801295
13365,411.114036
13366,321.258945
13367,414.73214
13368,298.851427
13369,354.92099
13370,456.775533
13371,321.084459
13372,456.375572
13373,400.205454
13374,420.813494
13375,492.005733
13376,277.451385
13377,366.780163
13378,413.501923
13379,338.687742
13380,451.884332
13381,382.77133
13382,341.015689
13383,301.69907
13384,421.155396
13385,416.517736
13386,332.195193
13387,322.32535
13388,346.792415
13389,432.855092
13390,349.853495
13391,241.203776
13392,295.019742
13393,328.177324
13394,584.773646
13395,704.678274
13396,500.746776
13397,450.550765
13398,706.936938
13399,381.811335
13400,566.922817
13401,360.535958
13402,478.123166
13403,546.276851
13404,369.551413
13405,320.703175
13406,502.960402
13407,490.573907
13408,291.495906
13409,281.161476
13410,661.536232
13411,309.581443
13412,481.933055
13413,314.070016
13414,390.315687
13415,320.967531
13416,514.457978
13417,351.139048
13418,387.694454
13419,430.85814
13420,720.634914
13421,444.919356
13422,256.604475
13423,409.134096
13424,486.438353
13425,355.887716
13426,344.162462
13427,387.671186
13428,382.215342
13429,380.357899
13430,408.129614
13431,514.94527
13432,471.170509
13433,364.0963
13434,318.589426
13435,708.940329
13436,442.716516
13437,469.762625
13438,633.580447
13439,461.047091
13440,322.953197
13441,453.997488
13442,295.080787
13443,311.7905
13444,371.001892
13445,506.081895
13446,235.170099
13447,503.625556
13448,421.425924
13449,366.08167
13450,373.823733
13451,416.976781
13452,526.758023
13453,398.5585
13454,365.25435
13455,529.609571
13456,429.161054
13457,313.893742
13458,462.731648
13459,390.411245
13460,272.390439
13461,345.437453
13462,324.564787
13463,409.100473
13464,447.494817
13465,402.414728
13466,486.243771
13467,467.712234
13468,337.090997
13469,320.720076
13470,519.335922
13471,602.41782
13472,537.751426
13473,534.621382
13474,332.215913
13475,385.031888
13476,381.588747
13477,301.412527
13478,422.08902
13479,423.382752
13480,341.072409
13481,397.826875
13482,480.26276
13483,382.963918
13484,415.877735
13485,275.438345
13486,329.241799
13487,446.247344
13488,626.503168
13489,325.618073
13490,341.287276
13491,671.983252
13492,351.868162
13493,516.245922
13494,388.246396
13495,496.168861
13496,358.429838
13497,384.167578
13498,342.72199
13499,325.135114
13500,376.598111
13501,473.053746
13502,371.282112
13503,321.248048
13504,444.177052
13505,398.121744
13506,287.072373
13507,676.94521
13508,322.546596
13509,240.730865
13510,642.392953
13511,273.610742
13512,341.550094
13513,425.614493
13514,357.126342
13515,732.294256
13516,517.690811
13517,468.762967
13518,435.859191
13519,544.32834
13520,665.853641
13521,389.804646
13522,248.881274
13523,488.200579
13524,518.425
13525,488.044652
13526,241.129274
13527,618.708097
13528,445.801326
13529,395.893005
13530,455.234392
13531,491.93492
13532,386.00071
13533,408.203832
13534,469.584293
13535,409.622256
13536,337.634232
13537,326.157164
13538,370.887712
13539,708.326082
13540,407.100027
13541,347.835379
13542,425.208025
13543,362.820212
13544,427.351748
13545,367.23044
13546,286.001569
13547,345.686024
13548,296.502722
13549,517.273128
13550,425.745789
13551,571.968628
13552,415.679365
13553,560.171876
13554,467.821719
13555,455.792961
13556,388.038152
13557,364.022551
13558,777.289175
13559,352.814831
13560,276.05461
13561,311.320862
13562,403.492128
13563,360.144915
13564,390.326977
13565,342.784585
13566,311.985562
13567,552.975244
13568,363.332873
13569,410.662793
13570,344.570624
13571,346.91627
13572,554.668257
13573,351.717419
13574,304.887517
13575,481.02537
13576,391.297153
13577,406.334625
13578,626.192052
13579,635.301228
13580,573.293626
13581,349.716866
13582,385.157709
13583,287.632241
13584,285.258928
13585,407.152951
13586,368.258512
13587,438.756475
13588,431.291393
13589,575.267791
13590,454.213681
13591,354.884891
13592,343.170261
13593,533.947528
13594,272.771699
13595,299.97638
13596,287.416481
13597,353.754529
13598,341.253608
13599,503.988247
13600,574.670332
13601,516.690294
13602,341.456823
13603,293.365234
13604,445.366572
13605,528.517762
13606,325.240875
13607,349.408617
13608,321.846805
13609,446.760215
13610,503.763504
13611,403.947852
13612,347.597645
13613,283.520081
13614,293.702176
13615,387.235479
13616,470.131246
13617,446.001989
13618,353.878874
13619,315.388055
13620,486.424192
13621,483.285363
13622,547.13654
13623,385.048481
13624,516.36937
13625,529.777354
13626,360.475521
13627,379.745914
13628,259.053415
13629,287.724199
13630,697.235484
13631,351.402713
13632,448.874549
13633,569.265372
13634,363.223886
13635,273.617878
13636,303.685066
13637,557.609392
13638,362.957798
13639,650.288343
13640,476.942133
13641,315.408311
13642,297.296142
13643,589.381717
13644,380.060669
13645,344.751934
13646,478.767193
13647,514.237618
13648,359.746305
13649,619.257814
13650,295.87689
13651,501.935976
13652,397.937341
13653,691.129399
13654,370.931741
13655,400.530873
13656,298.217231
13657,408.801382
13658,283.091454
13659,369.611906
13660,318.774559
13661,480.432126
13662,520.994079
13663,305.055436
13664,370.191263
13665,361.54177
13666,297.349788
13667,293.782929
13668,358.633295
13669,448.824459
13670,428.517667
13671,890.611824
13672,351.694514
13673,358.830841
13674,328.444185
13675,490.202977
13676,320.175368
13677,424.374422
13678,304.108249
13679,404.053658
13680,370.267733
13681,327.011575
13682,438.758955
13683,366.26809
13684,471.377849
13685,313.874955
13686,471.144538
13687,314.364505
13688,334.417476
13689,493.192762
13690,225.600461
13691,442.503438
13692,459.217366
13693,430.507052
13694,342.067757
13695,1062.616024
13696,502.879133
13697,356.051521
13698,422.343715
13699,446.633806
13700,294.242752
13701,420.830937
13702,316.588028
13703,405.130708
13704,359.861847
13705,391.578357
13706,427.786273
13707,293.468287
13708,279.090804
13709,272.851226
13710,646.18886
13711,445.176344
13712,453.567095
13713,312.790564
13714,424.000383
13715,507.438331
13716,485.330927
13717,618.469982
13718,496.228785
13719,697.620442
13720,337.449291
13721,439.60716
13722,511.997147
13723,310.361359
13724,557.277345
13725,646.991205
13726,381.382271
13727,364.292174
13728,424.293992
13729,230.371934
13730,348.491797
13731,539.259969
13732,418.449802
13733,354.322015
13734,579.904904
13735,346.645332
13736,504.054994
13737,441.607747
13738,512.352717
13739,354.134019
13740,610.135465
13741,327.209515
13742,401.557489
13743,466.203162
13744,368.964136
13745,549.066827
13746,361.726441
13747,286.123424
13748,508.598402
13749,300.779916
13750,512.665992
13751,455.29316
13752,448.564175
13753,356.641078
13754,299.933892
13755,438.076992
13756,462.892166
13757,564.216756
13758,535.589498
13759,387.655638
13760,391.532616
13761,360.991273
13762,440.835412
13763,506.567803
13764,367.015951
13765,338.624014
13766,537.834606
13767,558.023147
13768,429.158069
13769,358.264138
13770,398.273506
13771,291.179724
13772,321.362208
13773,558.266606
13774,660.715565
13775,385.991191
13776,380.791331
13777,420.702938
13778,751.56933
13779,274.398144
13780,543.400564
13781,468.377859
13782,282.545148
13783,340.534397
13784,380.004434
13785,361.883781
13786,465.504049
13787,358.114723
13788,306.50826
13789,311.182356
13790,327.223659
13791,516.567791
13792,343.917592
13793,450.653263
13794,590.16541
13795,478.8761
13796,595.124382
13797,307.023303
13798,717.255251
13799,560.062381
13800,306.879605
13801,351.221079
13802,381.231308
13803,297.684689
13804,401.060765
13805,591.073971
13806,349.081607
13807,406.889614
13808,445.214501
13809,553.274798
13810,365.839359
13811,407.221914
13812,382.046384
13813,339.226254
13814,285.50206
13815,292.467619
13816,396.272481
13817,298.902703
13818,458.425549
13819,506.880631
13820,446.79018
13821,408.58217
13822,372.784762
13823,535.379873
13824,366.758607
13825,605.682181
13826,480.264592
13827,412.322035
13828,271.16775
13829,324.885852
13830,314.907108
13831,475.038136
13832,397.862783
13833,297.557673
13834,446.766936
13835,546.281721
13836,423.761606
13837,298.991985
13838,437.775041
13839,362.240238
13840,306.838696
13841,940.734046
13842,406.053134
13843,455.629428
13844,465.427488
13845,316.253154
13846,285.44873
13847,302.643011
13848,489.155914
13849,371.336945
13850,511.944571
13851,792.561324
13852,500.003735
13853,419.643465
13854,409.83956
13855,448.10418
13856,502.245922
13857,475.628528
13858,432.774251
13859,339.578222
13860,453.102859
13861,498.577111
13862,447.027788
13863,462.969201
13864,399.819409
13865,497.03896
13866,331.999928
13867,370.906163
13868,322.273984
13869,492.59007
13870,345.392874
13871,467.150851
13872,335.72097
13873,371.682819
13874,267.296608
13875,355.581972
13876,396.113559
13877,308.98897
13878,452.466702
13879,408.473706
13880,408.118966
13881,321.411014
13882,334.444
13883,330.980491
13884,367.382694
13885,322.709927
13886,465.081757
13887,329.381038
13888,342.515517
13889,471.988005
13890,443.28909
13891,409.44272
13892,331.982997
13893,334.553596
13894,267.463468
13895,236.163869
13896,295.130334
13897,503.513482
13898,358.892958
13899,654.276494
13900,267.667685
13901,277.065376
13902,533.603526
13903,448.95445
13904,349.293046
13905,593.822799
13906,407.681926
13907,315.71437
13908,301.045805
13909,416.553598
13910,559.636536
13911,448.131393
13912,318.002103
13913,447.827943
13914,385.52571
13915,455.217475
13916,328.983948
13917,338.440375
13918,497.437265
13919,431.955469
13920,374.933605
13921,289.629034
13922,595.478788
13923,453.568765
13924,376.4596
13925,403.785399
13926,610.91728
13927,573.219121
13928,348.128782
13929,499.353599
13930,285.255455
13931,556.107348
13932,733.098711
13933,611.732197
13934,428.434921
13935,407.504904
13936,407.082734
13937,553.60028
13938,384.529095
13939,380.794784
13940,305.813107
13941,348.960366
13942,394.59168
13943,391.634721
13944,328.337975
13945,238.164924
13946,382.667623
13947,375.467157
13948,307.809204
13949,622.186575
13950,365.62192
13951,616.221785
13952,261.893173
13953,503.781121
13954,574.005387
13955,313.340641
13956,415.683179
13957,339.643675
13958,395.887178
13959,338.093063
13960,351.124814
13961,689.030946
13962,313.374143
13963,368.602872
13964,306.428125
13965,281.331258
13966,365.705091
13967,307.607384
13968,388.169225
13969,546.581529
13970,400.750402
13971,408.617114
13972,509.154048
13973,778.466499
13974,383.064359
13975,428.822984
13976,387.146477
13977,631.432104
13978,331.149442
13979,428.086084
13980,782.487346
13981,394.938762
13982,372.518525
13983,656.598557
13984,545.991662
13985,457.073552
13986,422.042536
13987,329.95731
13988,393.149164
13989,517.252151
13990,330.15915
13991,377.195749
13992,730.221738
13993,487.306693
13994,665.075144
13995,256.291076
13996,460.871995
13997,385.619301
13998,364.346427
13999,379.082101
14000,409.38186
14001,322.729585
14002,320.706472
14003,437.581806
14004,338.275122
14005,364.8713
14006,414.055782
14007,499.719
14008,730.552606
14009,265.478228
14010,284.188019
14011,355.528252
14012,361.41849
14013,340.419211
14014,354.549928
14015,507.118101
14016,460.311064
14017,409.401449
14018,363.955027
14019,376.252553
14020,277.533273
14021,617.431358
14022,335.072523
14023,349.731419
14024,549.214882
14025,432.082167
14026,320.131377
14027,337.161477
14028,348.930653
14029,359.768276
14030,538.238514
14031,329.819484
14032,573.302937
14033,386.006269
14034,462.641833
14035,427.460145
14036,408.499949
14037,496.206115
14038,326.755193
14039,540.349381
14040,255.715651
14041,501.049354
14042,428.762478
14043,295.708313
14044,434.648161
14045,452.766442
14046,335.36464
14047,352.49658
14048,303.619523
14049,471.60526
14050,291.196133
14051,594.605082
14052,442.950892
14053,277.593573
14054,453.193495
14055,284.870413
14056,377.490409
14057,375.099104
14058,399.009617
14059,384.108139
14060,407.842603
14061,353.735079
14062,314.980039
14063,392.191723
14064,303.160113
14065,279.456193
14066,467.321796
14067,497.834878
14068,435.986876
14069,444.203766
14070,359.299992
14071,310.379812
14072,301.267537
14073,353.893384
14074,300.095651
14075,494.199625
14076,276.517848
14077,336.174566
14078,428.968456
14079,359.132157
14080,287.310996
14081,311.231864
14082,347.569276
14083,909.65111
14084,431.812869
14085,460.450526
14086,322.001437
14087,360.869088
14088,403.724019
14089,380.17579
14090,302.813611
14091,349.737277
14092,489.931373
14093,675.245355
14094,387.739755
14095,359.800303
14096,630.124928
14097,430.542266
14098,426.076
14099,487.474898
14100,411.557403
14101,421.754221
14102,312.702382
14103,280.720138
14104,283.651484
14105,409.646875
14106,422.635649
14107,332.224345
14108,511.821832
14109,418.177916
14110,391.240846
14111,453.51573
14112,305.641185
14113,544.172918
14114,315.056949
14115,452.687008
14116,353.593789
14117,454.890463
14118,370.056714
14119,596.649534
14120,380.596383
14121,522.511401
14122,345.987362
14123,391.843064
14124,459.768357
14125,458.895835
14126,450.436979
14127,362.944412
14128,380.211159
14129,617.771983
14130,335.554037
14131,295.339106
14132,320.857941
14133,279.429719
14134,346.205703
14135,371.054892
14136,351.358477
14137,345.066473
14138,430.475954
14139,357.719724
14140,412.293012
14141,403.799192
14142,459.190567
14143,323.741909
14144,324.0234
14145,367.581912
14146,440.194322
14147,433.815931
14148,444.108712
14149,471.087524
14150,380.495837
14151,301.154311
14152,489.690678
14153,317.404698
14154,452.522504
14155,505.44774
14156,306.480498
14157,426.198249
14158,477.815664
14159,446.429565
14160,504.867647
14161,459.535142
14162,466.329135
14163,350.634459
14164,474.885269
14165,343.251402
14166,357.070286
14167,367.1132
14168,525.034032
14169,379.580994
14170,570.154258
14171,366.572683
14172,505.16943
14173,452.554645
14174,314.935537
14175,486.401512
14176,241.73727
14177,426.085033
14178,534.867071
14179,436.623677
14180,452.224629
14181,455.594654
14182,749.376672
14183,309.196474
14184,307.662959
14185,304.630312
14186,308.76429
14187,286.425084
14188,234.850683
14189,366.710244
14190,300.135253
14191,483.891539
14192,375.735611
14193,403.290401
14194,581.762945
14195,347.122065
14196,391.479748
14197,408.198805
14198,463.212423
14199,413.967529
14200,418.514603
14201,386.563838
14202,332.574529
14203,370.044819
14204,286.502738
14205,373.544876
14206,461.703052
14207,333.162986
14208,363.896312
14209,385.340021
14210,388.087294
14211,613.061461
14212,299.673401
14213,395.476912
14214,417.974325
14215,392.548033
14216,549.68772
14217,665.176041
14218,398.212521
14219,415.152116
14220,335.024814
14221,285.119026
14222,373.092846
14223,348.084798
14224,371.180865
14225,308.724098
14226,468.710836
14227,483.173949
14228,416.470067
14229,362.878952
14230,526.727039
14231,371.312253
14232,504.785742
14233,429.781229
14234,605.122199
14235,327.55864
14236,379.290166
14237,499.261287
14238,452.891858
14239,417.693518
14240,459.940439
14241,410.131414
14242,621.979722
14243,319.989766
14244,237.973588
14245,475.926505
14246,536.449772
14247,287.918253
14248,472.89583
14249,443.573287
14250,403.371279
14251,535.237831
14252,527.440085
14253,499.030955
14254,383.43074
14255,353.951358
14256,317.598174
14257,312.301004
14258,592.758546
14259,633.416847
14260,262.703045
14261,294.364723
14262,687.428003
14263,466.128251
14264,455.425065
14265,443.249487
14266,268.933191
14267,413.422623
14268,383.783097
14269,339.609096
14270,464.500373
14271,326.297327
14272,365.19044
14273,220.31307
14274,355.115603
14275,398.690982
14276,535.10235
14277,434.715756
14278,439.946676
14279,325.515187
14280,272.559257
14281,544.326362
14282,597.338829
14283,327.073796
14284,303.300297
14285,680.233026
14286,370.648196
14287,476.782078
14288,434.502728
14289,430.644381
14290,425.370565
14291,444.687698
14292,519.387224
14293,425.918774
14294,338.893713
14295,630.238945
14296,360.669832
14297,335.124836
14298,387.667248
14299,357.476381
14300,439.840174
14301,357.932347
14302,372.417759
14303,321.323818
14304,401.554015
14305,551.903288
14306,409.760257
14307,622.784784
14308,339.569955
14309,406.138066
14310,440.659535
14311,583.945222
14312,307.309496
14313,415.266108
14314,452.643256
14315,406.332518
14316,416.345433
14317,360.544051
14318,379.495558
14319,396.214286
14320,322.296923
14321,347.836603
14322,432.302463
14323,323.673943
14324,595.595408
14325,365.970179
14326,376.012493
14327,318.050661
14328,378.359057
14329,300.727139
14330,458.901142
14331,547.029411
14332,316.962703
14333,358.714951
14334,435.545651
14335,310.560826
14336,559.875299
14337,315.411284
14338,362.740462
14339,407.897302
14340,519.166714
14341,509.677453
14342,382.967495
14343,377.508589
14344,381.531967
14345,288.998958
14346,522.929196
14347,363.737745
14348,460.501335
14349,332.032202
14350,407.780417
14351,456.904177
14352,426.692294
14353,230.761777
14354,374.570215
14355,408.437402
14356,772.928606
14357,353.800484
14358,452.500678
14359,274.067957
14360,326.649296
14361,330.093645
14362,538.135019
14363,567.532224
14364,235.737201
14365,375.383096
14366,409.474243
14367,299.98535
14368,365.683604
14369,341.197595
14370,270.173903
14371,276.799759
14372,425.779281
14373,452.119093
14374,522.342121
14375,313.150451
14376,431.501891
14377,492.449568
14378,410.967278
14379,263.491669
14380,495.592288
14381,594.250828
14382,371.203481
14383,183.534368
14384,457.826594
14385,411.655362
14386,483.148422
14387,476.902882
14388,462.33489
14389,289.75837
14390,440.577442
14391,419.51974
14392,465.689573
14393,406.827479
14394,702.120896
14395,388.522573
14396,305.184255
14397,315.230213
14398,391.073071
14399,492.374
14400,1002.659576
14401,489.477243
14402,323.966531
14403,353.730592
14404,418.64574
14405,540.966722
14406,284.715788
14407,397.180011
14408,318.465168
14409,393.82786
14410,368.322019
14411,445.838665
14412,338.604861
14413,285.720666
14414,389.980353
14415,353.050178
14416,477.270856
14417,564.054108
14418,581.046908
14419,538.601111
14420,385.94165
14421,578.231845
14422,483.465659
14423,482.076842
14424,579.236485
14425,465.327043
14426,473.542249
14427,277.425963
14428,387.182191
14429,491.558991
14430,397.703046
14431,449.504463
14432,325.853144
14433,479.305196
14434,392.865883
14435,292.55255
14436,558.691706
14437,352.011135
14438,869.159945
14439,354.949751
14440,329.819906
14441,355.834853
14442,460.837297
14443,309.432589
14444,337.348958
14445,643.754666
14446,423.39174
14447,387.015441
14448,498.378386
14449,332.393142
14450,560.784142
14451,513.465648
14452,384.675094
14453,332.968028
14454,406.014092
14455,485.228531
14456,382.691534
14457,393.77317
14458,373.597164
14459,523.280853
14460,406.072759
14461,423.311013
14462,419.906118
14463,384.440282
14464,499.349152
14465,347.551036
14466,297.158856
14467,345.105649
14468,639.426393
14469,344.775162
14470,420.723854
14471,317.959667
14472,500.872604
14473,495.615483
14474,413.644048
14475,624.919118
14476,264.939915
14477,325.50342
14478,651.86936
14479,400.325474
14480,335.594988
14481,296.111711
14482,607.750233
14483,200.167679
14484,342.922563
14485,369.468615
14486,278.90891
14487,258.510577
14488,408.220023
14489,593.183179
14490,587.092248
14491,324.209787
14492,531.925975
14493,342.267383
14494,385.473015
14495,389.957633
14496,292.684884
14497,279.16385
14498,341.549574
14499,431.256747
14500,321.438619
14501,399.837033
