Ant-v5:
  trial_number: 197
  value: 2625.0835996
  params:
    n_steps: 256.0
    gamma: 0.99
    learning_rate: 0.015332767369354945
    n_critic_updates: 5.0
    cg_max_steps: 10.0
    target_kl: 0.03
    gae_lambda: 0.8
    batch_size: 1024.0
    net_arch: medium
    activation_fn: tanh
    ent_coef: 0.0009000000000000001
    buffer_capacity: 19000.0
    reward_threshold: 400.0
    replay_strategy_threshold: 5.972443876222164
    epsilon: 0.15000000000000002
    use_per: 0.0
    orthogonal_init: 0.0
    n_timesteps: 700000.0
    n_envs: 8.0
  comment: 'Best trial value: 2625.0835996, params: {''n_steps'': 256, ''gamma'':
    0.99, ''learning_rate'': 0.015332767369354945, ''n_critic_updates'': 5, ''cg_max_steps'':
    10, ''target_kl'': 0.03, ''gae_lambda'': 0.8, ''batch_size'': 1024, ''net_arch'':
    ''medium'', ''activation_fn'': ''tanh'', ''ent_coef'': 0.0009000000000000001,
    ''buffer_capacity'': 19000, ''reward_threshold'': 400.0, ''replay_strategy_threshold'':
    5.972443876222164, ''epsilon'': 0.15000000000000002, ''use_per'': False, ''orthogonal_init'':
    False, ''n_timesteps'': 700000, ''n_envs'': 8}'
