Ant-v5:
  trial_number: 587
  value: 4208.2877528
  params:
    n_steps: 512.0
    gamma: 0.99
    learning_rate: 0.00043525325527895637
    n_critic_updates: 25.0
    cg_max_steps: 25.0
    target_kl: 0.03
    gae_lambda: 0.9
    batch_size: 512.0
    net_arch: small
    activation_fn: tanh
    ent_coef: 0.0009000000000000001
    buffer_capacity: 26000.0
    reward_threshold: 250.0
    replay_strategy_threshold: -8.283014615932519
    epsilon: 0.30000000000000004
    use_per: 1.0
    orthogonal_init: 0.0
    n_timesteps: 900000.0
    n_envs: 8.0
  comment: 'Best trial value: 4208.2877528, params: {''n_steps'': 512, ''gamma'':
    0.99, ''learning_rate'': 0.00043525325527895637, ''n_critic_updates'': 25, ''cg_max_steps'':
    25, ''target_kl'': 0.03, ''gae_lambda'': 0.9, ''batch_size'': 512, ''net_arch'':
    ''small'', ''activation_fn'': ''tanh'', ''ent_coef'': 0.0009000000000000001, ''buffer_capacity'':
    26000, ''reward_threshold'': 250.0, ''replay_strategy_threshold'': -8.283014615932519,
    ''epsilon'': 0.30000000000000004, ''use_per'': True, ''orthogonal_init'': False,
    ''n_timesteps'': 900000, ''n_envs'': 8}'
